361.9  3.33641e-05 -0.000136999 -2.43334e-05 -5.55736e-05  3.83249e-05  4.15921e-05 -0.000772999  0.000357223  0.000396637
362  0 -0  0 0 0 0 0 0 0
362.1  0 -0  0 0 0 0 0 0 0
362.199  0 -0  0 0 0 0 0 0 0
362.299  0 -0  0 0 0 0 0 0 0
362.4  0 -0  0 0 0 0 0 0 0
362.5  0 -0  0 0 0 0 0 0 0
362.6  0 -0  0 0 0 0 0 0 0
362.699  0 -0  0 0 0 0 0 0 0
362.799  0 -0  0 0 0 0 0 0 0
362.9  0 -0  0 0 0 0 0 0 0
363  0 -0  0 0 0 0 0 0 0
363.1  0 -0  0 0 0 0 0 0 0
363.199  0 -0  0 0 0 0 0 0 0
363.3  0 -0  0 0 0 0 0 0 0
363.4  0 -0  0 0 0 0 0 0 0
363.499  0 -0  0 0 0 0 0 0 0
363.6  0 -0  0 0 0 0 0 0 0
363.7  0 -0  0 0 0 0 0 0 0
363.8  0 -0  0 0 0 0 0 0 0
363.9  0 -0  0 0 0 0 0 0 0
363.999 -0.000279193   0.00102747 -0.000292191 0.000868123  -0.0021498  -0.0027657  0.00163854 -0.00884361  -0.0118128
364.1 0.000617547 -0.00101545 -0.00164123 -0.00237014  0.00407949  0.00161458 -0.00296487   0.0187103   0.0188264
364.2 -4.87752e-05  0.000944631  -0.00160659  -0.0019933  0.00672269 -0.00190017 -0.00282152   0.0232781  -0.0110303
364.3   0.00063826 -0.000163648 -0.000332235  -0.00493223 -0.000908675   0.00135082 -0.00562064  -0.0145806   0.0141489
364.4  0.000131801 -0.000141769 -8.92095e-05 -0.00412115 -0.00317833  0.00182831 -0.00357352  -0.0174391  0.00967392
364.499  0.000303531 -0.000156705  4.28494e-05 -0.00327533 -0.00280932  0.00220395 -0.00110733 -0.00847525  0.00612829
364.6 -4.07763e-05  0.000550065 -0.000569075 -0.00341953 -0.00253563 -0.00045299 -0.00172453 -0.00287755  -0.0128025
364.7  7.39503e-05 -0.000216028 -0.000114156 -0.00187968 -0.00169572  0.00255867 0.000657079  0.00386256   0.0113299
364.8 -0.000601857  8.16232e-05 -0.000171754  0.000240963 -0.000962009  -0.00172963 0.00333738 0.00661468 -0.0181526
364.899 -1.79458e-05   0.00135632  -0.00207175 0.000306613  0.00733574  -0.0011741  0.00152251   0.0359603 -0.00615706
364.999 -0.00090085 0.000441806 0.000134788  0.00370624 -0.00464006 -0.00406272 0.00737507 -0.0246404 -0.0181648
365.1 -0.000920935   0.00135823  -0.00229687  0.00253742  0.00497334 -0.00634161 0.0034717 0.0230764 -0.021679
365.2 -0.000516319  0.000477125  -0.00107557 -0.000379078   0.00389138  -0.00179484 -0.0023584  0.0111273  0.0150161
365.3 -0.000295235  0.000608626  -0.00118044 -0.00137292     0.00172 0.000117532  -0.00477387 -0.000735129    0.0170073
365.4 -0.000955593 -0.000623873  -0.00137819  0.00121378  0.00939065 -0.00306525 -0.000478538    0.0290684  -0.00912797
365.499 -0.000884572  0.000967512  -0.00221071  0.00181203  0.00780386 -0.00526245 -0.000474119   0.00944051   -0.0152624
365.6 -0.00107248 0.000122607 -0.00206548 0.00180396  0.0090589 -0.0069988 -0.00113024   0.0112655  -0.0155182
365.699 -0.00116212 0.000326603 -0.00082029  0.00319453  0.00171148 -0.00690022 -0.000942927   -0.0214999   -0.0063069
365.799  -0.00116749 -0.000540969  -0.00164448  0.00303328  0.00640956 -0.00570622 -0.0018788 0.00510928 0.00488008
365.9 -0.000296056  0.000655892  -0.00122358 -0.000172255   0.00316915  -0.00109126 -0.00610492 -0.00852368   0.0275589
366  -0.0014186  0.00106205 -0.00151233  0.00362711  0.00183444 -0.00731199 -0.000884741  -0.00982573   -0.0196238
366.1 -0.00156699 0.000921264 -0.00140414  0.00359902 0.000795798 -0.00963388 -0.00157028  -0.0100379  -0.0203673
366.199 -0.00187668 0.000895953 -0.00140321  0.00633945 0.000937375  -0.0120397  0.00130951 -0.00551709  -0.0220325
366.299 -0.0017333 0.00195229 -0.0034011 0.00416728 0.00905942 -0.0123429 -0.00371881   0.0273517  -0.0118398
366.4  -0.0016858 0.000347853 -0.00140091  0.00336033  0.00489042 -0.00873624 -0.00568007  0.00142798   0.0149119
366.5 -0.00168652  0.00136308 -0.00160017  0.00345999 -0.00014847 -0.00731365 -0.00754617  -0.0194189   0.0149203
366.6 -0.00139292  0.00113444 -0.00149732 0.000566998 0.000814767 -0.00791753  -0.0117521 -0.00706798  0.00377595
366.699 -0.000887533   0.00186686  -0.00214514 -0.00108064  0.00139397 -0.00230599   -0.0132963 -0.000293386    0.0316585
366.799 -0.00107368 0.000341941 -0.00138008 -0.000406692  0.000726597  -0.00125024   -0.0116391 -0.000832176    0.0189262
366.9  -0.00101054  0.000160769 -0.000553772  -0.0020405 -0.00291452 -0.00213173 -0.0130742  -0.012836  0.0030179
367 -0.00180104    0.001295 -0.00136236  0.00323657 -0.00214185  -0.0107142 -0.00505998  -0.0039503  -0.0440936
367.1 -0.00207516  0.00161572 -0.00150582  0.00667359 -0.00181423  -0.0106626 -0.00103053 0.000601012  -0.0193722
367.199  -0.00227428 -0.000236713  -0.00143286 0.00522507 0.00603844 -0.0120919 -0.0067905  0.0326803  -0.017668
367.299 -0.00194797   0.0014377 -0.00154229 0.00298719 0.00131886 -0.0109083  -0.0125423  0.00100369 -0.00251755
367.4 -0.00238687 0.000803075 -0.00130048   0.00309007 -0.000147296   -0.0105136  -0.0122875 -0.00349891  0.00146567
367.5 -0.0015805 0.00219867 -0.0019635  0.00194957 -0.00247763 -0.00668091 -0.0152005 -0.0121703  0.0214461
367.6 -0.00230226 0.000667698 -0.00048782 0.00418004 -0.0050838  -0.010108  -0.0116027  -0.0169933 -0.00845302
367.699  -0.00157432   0.00136061 -0.000360916 -0.000547457   -0.0105155   -0.0104148   -0.018558  -0.0323469 -0.00466138
367.799  -0.00163682   0.00103519 -0.000323753 -0.000602342  -0.00751676   -0.0099833 -0.0170908 -0.0075334 0.00152062
367.9 -0.00168136  0.00113972 -0.00193486 0.000893094 0.000997135 -0.00762771 -0.0145093  0.0292897  0.0132636
368 -0.00132858  0.00145317 -0.00186432 -0.000948098   0.00235104  -0.00766137 -0.0162588  0.0234073 0.00754221
368.1  -0.00215658   0.00115723 -0.000738899  0.00288691  -0.0062174 -0.00962112 -0.00983283  -0.0155058 -0.00610501
368.199 -0.00168995   0.0014181 -0.00183061  0.00212047 -0.00155828 -0.00894667 -0.0105399  0.0085376 0.00209331
368.299  -0.00188479   0.00153429 -0.000438577  0.00315454 -0.00809134  -0.0101086 -0.00888912  -0.0180897 -0.00419569
368.4 -0.00263428 -2.1568e-05 7.00376e-05  0.00589086 -0.00806224  -0.0166608 -0.00620027 -0.00984925  -0.0368668
368.5 -0.00268294  0.00153271 -0.00111797  0.00585797 -0.00537303  -0.0178701 -0.00719053  0.00439315  -0.0226657
368.6   -0.0030208  0.000742201 -0.000384396  0.00663571 -0.00653079  -0.0173277  -0.00736798 -0.000445814  -0.00666612
368.699 -0.00325261  0.00136064 -0.00222275  0.00339063 -0.00200815  -0.0122823 -0.013516 0.0159057 0.0229184
368.799   -0.0036792 -0.000813374 -0.000250039  0.00664131 -0.00766678  -0.0125968 -0.00792575 -0.00689268    0.010235
368.9 -0.00365192 0.000792899 -0.00203654 0.00463873 -0.0038656 -0.0140664  -0.0119101  0.00918572 -0.00377454
369  -0.00359803 -0.000888283  -0.00169784  0.0051518 0.00198634 -0.0134838 -0.0119154   0.030486 0.00162363
369.1  -0.00417016 -0.000557248  -0.00233195 0.00655144 0.00340952 -0.0149839   -0.012113   0.0259735 -0.00699835
369.199 -0.00488315 -0.00207551 -0.00106943  0.00637701 0.000936378  -0.0172776  -0.012662 0.00679291 -0.0159267
369.299  -0.0045176  -0.0010176 -0.00147245   0.00327969 -0.000596981    -0.012018  -0.0183973 -0.00252594   0.0216166
369.4 -0.00522596  -0.0012796 -0.00133981  0.00283028 -0.00167898  -0.0127264  -0.0176814 -0.00416501  0.00619826
369.5  -0.00537409 -0.000822218  -0.00153601   0.00686883 -4.98154e-05   -0.0137616  -0.0106637  0.00339665 -0.00259525
369.6  -0.00540354  -0.00178399 -0.000613834 0.00447744 0.00111904 -0.0105418 -0.0149592  0.0059425  0.0165185
369.699 -0.00525252 -0.00081254 -0.00138538  0.00291297 -0.00184777 -0.00917236   -0.016875 -0.00776809   0.0155399
369.799 -0.00595173 -0.00141237 -0.00137439 0.00513327 0.00258782 -0.0148685 -0.0132625  0.0135852 -0.0232406
369.9  -0.00624933 -0.000482085   -0.0012385   0.0070895 -0.00324924  -0.0199726 -0.0107962 -0.0133299 -0.0381333
370 -0.00548477 -0.00117282 -0.00093796 0.00560335 -0.0021946 -0.0173816  -0.0148853 -0.00347939 -0.00257375
370.1  -0.00552694 -0.000435249   -0.0011476  0.00505335 -0.00726473  -0.0186251  -0.0168615  -0.0226584 -0.00731885
370.199 -0.00629328  -0.0013571 -0.00074068  0.00686575 -0.00465701  -0.0195047  -0.0140831 -0.00380452 -0.00752546
370.299  -0.00479902 -0.000981932  -0.00123639 -0.000179305  -0.00747286   -0.0119451 -0.0246702 -0.0151328  0.0363153
370.4 -0.00563696 -0.00198928 -0.00113334  0.00196921 -0.00285003  -0.0132164 -0.0174769 0.00898623 0.00898094
370.5  -0.00598851 -0.000857763  -0.00290276 0.00770274 0.00593804 -0.0170331 -0.00991833   0.0383874  -0.0160221
370.6  -0.00583902  -0.00137966 -0.000960897   0.0076755 -0.00136009   -0.018616  -0.0112625 -0.00376955  -0.0141791
370.699   -0.0054862 -0.000955029   -0.0011778  0.00542997 -0.00427934  -0.0179015  -0.0153657  -0.0148245 -0.00259608
370.799 -0.00650636 -0.00131326 -0.00166488  0.00557998 -0.00388153  -0.0160954  -0.0162903 -0.00729178  0.00950582
370.9   -0.0197973  -0.00530363 -0.000923574  0.00667835 -0.00417861  -0.0201948  -0.0338301 -0.00969815 -0.00138344
371 -0.0752296 -0.0229874 -0.0201264  0.00533134   -0.002393 -0.00950526 -0.0242239  0.0102044  0.0851053
371.1  -0.0933587  -0.0222799 -0.00649577   0.0107474 -0.00280584  0.00590383 -0.00751692   0.0138327    0.170769
371.199   -0.151669  -0.0382239 -0.00547084   0.0112282 -0.00705205   0.0324293 -0.00490674  -0.0124374    0.273809
371.299   -0.220437  -0.0347416 -0.00257954  0.00918149 -0.00815364   0.0643107 -0.0284912 -0.0237515   0.320165
371.4  -0.283482 -0.0493129 -0.0282185  0.00296036 -0.00200727    0.106384 -0.0755118 -0.0103434   0.368974
371.5   -0.33175 -0.0658278 -0.0712048 -0.00658195  -0.0116711    0.147586  -0.103864 -0.0623054   0.370954
371.6  -0.342674 -0.0711271  -0.129807 -0.00971107  -0.0206001    0.153569 -0.0734952 -0.0924691   0.132557
371.699  -0.302475 -0.0728455  -0.199257 -0.00410041  -0.0352277    0.145659 -0.0394023  -0.102553 -0.0578489
371.799  -0.245651 -0.0748045  -0.245881 -0.010387 -0.038713  0.140627  -0.026571 -0.0398163 -0.0755741
371.9  -0.198736 -0.0882366  -0.263224 -0.0130857 -0.0237455   0.138811  0.0471134  0.0806325 -0.0233002
372  -0.174324 -0.0959768  -0.217407 -0.0120194  -0.020879    0.14821 0.0951156 0.0986978 0.0793861
372.1  -0.158915 -0.0989556  -0.127494 -0.00508671 -0.00929448     0.15444  0.128469  0.138023 0.0913405
372.199  -0.154177 -0.0871567 -0.0304578 -0.000653796    0.0044904     0.164002 0.136612 0.156597 0.115201
372.299  -0.159256 -0.0805276  0.0852975 0.00836372  0.0260324   0.172913   0.12622  0.196954 0.0944572
372.4  -0.139977 -0.0693098   0.237056 0.0223619 0.0147838   0.18131  0.117811  0.076439 0.0849825
372.5  -0.136707 -0.0876523   0.366327 0.0329341 0.0691137   0.17942 0.0515608  0.202506 0.0259729
372.6 -0.211144 -0.105972  0.468224 0.0360539 0.0874095  0.181961 0.0162035  0.108865 0.0720755
372.699  -0.318814 -0.0815952   0.513498 0.0344466 0.0654401  0.201399  -0.027197 -0.0999577   0.162646
372.799  -0.426478 -0.0524238   0.491344 0.0227874 0.0491247  0.238925 -0.164279 -0.211826  0.251833
372.9  -0.496621 -0.0246458   0.365288 0.0193189 0.0236534  0.245206 -0.190718 -0.318205 0.0316856
373 -0.472843 0.0156469  0.200859  -0.0021986 -0.00741686    0.258072  -0.292508  -0.326396 -0.0286944
373.1 -0.429678  0.023309 0.0129115 -0.028486 -0.031844  0.252409 -0.278327 -0.231494 -0.108073
373.199  -0.339929 -0.0130842  -0.101357 -0.0437075 -0.0322284   0.246135    -0.13733 -0.00673874   -0.118863
373.299  -0.260301 -0.0604477  -0.103596 -0.0405935  -0.029235   0.222394 0.0323135  0.106509 -0.190707
373.4  -0.178043  -0.102563 -0.0483816  -0.0261045 -0.00333135    0.198389  0.149772  0.224414 -0.207086
373.5 -0.113427 -0.125189 0.0410461 -0.0105335   0.024262   0.180505  0.180234  0.262547 -0.136268
373.6 -0.0754426   -0.12975   0.154703 0.00924153  0.0437235   0.165683  0.184847  0.255458 -0.103259
373.699 -0.032485  -0.11864  0.303022 0.0217763   0.06546  0.168276    0.15513   0.225341 0.00996778
373.799 -0.0110582  -0.108094   0.466194 0.0350793 0.0893106  0.165601   0.117594   0.198664 0.00926887
373.9 -0.0127574  -0.109644   0.653543 0.0456165 0.0988286  0.172039 0.0891322  0.148254 0.0587645
374 -0.0612498  -0.198482    0.83421 0.0614639  0.119805  0.223395  0.012027 0.0837885  0.387238
374.1 -0.202878 -0.279907  0.953357 0.0800638  0.129545  0.260766 -0.0163671 -0.0311378    0.42695
374.199 -0.303222 -0.316345  0.957351 0.0548765   0.12089   0.33287  -0.19231 -0.265249  0.533517
374.299 -0.453436 -0.296821  0.823695    0.0574 0.0996419  0.332565 -0.0954025  -0.412126  0.0975025
374.4  -0.52753 -0.278616  0.604397 0.0312634 0.0810735  0.310534 -0.171874 -0.390648 -0.203411
374.5 -0.541766 -0.249472  0.381927 -0.00463245   0.0527221    0.275458 -0.216315 -0.321164 -0.295648
374.6 -0.512246 -0.207052  0.215761 -0.0269453   0.024557   0.247704 -0.173037 -0.219898 -0.290762
374.7 -0.432514 -0.169825  0.121531 -0.0431342  0.0103979   0.226928  -0.112384 -0.0919319  -0.259163
374.799 -0.341638 -0.157684  0.104928 -0.0355155  0.0246134   0.193861 -0.00106844    0.121593   -0.320185
374.9  -0.23309 -0.145849  0.164414 -0.0402631  0.0437233   0.178949 0.0243492  0.242394 -0.184078
375 -0.142401 -0.129288  0.271123 -0.0335642  0.0620415    0.16584  0.0754098   0.300158 -0.0921471
375.1 -0.0726695  -0.111945    0.41606 -0.0253177   0.102419   0.151271  0.0975749   0.379971 -0.0667216
375.199 -0.0424012 -0.0972414   0.564927 -0.0136466   0.135408   0.131357 0.0976663  0.326085 -0.107926
375.299 -0.0246551 -0.0700425   0.714869 -0.00294723    0.165603    0.154994 0.0683973  0.251821  0.120631
375.4 -0.0378892 -0.0907792    0.84632 0.00746435   0.185723   0.184148  0.04238 0.113202 0.251024
375.5 -0.101819 -0.146982  0.968976 0.00163231   0.202329   0.218146 -0.0582901  0.0115562   0.326487
375.6 -0.179551 -0.236295  0.990011 -0.00881391    0.216365    0.265639 -0.137711 -0.150221  0.399949
375.699 -0.287565    -0.253  0.887752 -0.00267917    0.185839    0.285854 -0.0609772  -0.368508   0.276276
375.799 -0.389338 -0.220927  0.747971 -0.0032984   0.158725   0.283554 -0.0669721  -0.408882    0.05995
375.9 -0.456347 -0.156223  0.602931 -0.0197186   0.129989   0.266235  -0.120634   -0.37517 -0.0884969
376  -0.501081 -0.0913373   0.449089 -0.043781  0.102757  0.258974  -0.203351  -0.324499 -0.0764755
376.1  -0.518878 -0.0216194   0.292727 -0.065812    0.0657  0.279674 -0.308368 -0.343447 0.0224367
376.199 -0.495431 0.0513083  0.134037 -0.0979858  0.0448733   0.283497   -0.365043   -0.284532 -0.00252086
376.299  -0.481322   0.114722 -0.0345774  -0.12756 0.0194869  0.288901  -0.375333  -0.236765 -0.0149844
376.4  -0.45632  0.144179 -0.187259   -0.15229 0.00778698   0.291077  -0.347092  -0.140788 -0.0600665
376.499 -0.422501  0.165898 -0.335743  -0.199509 -0.0913061   0.322585 -0.506811 -0.417248 0.0592653
376.599  -0.38986  0.189722 -0.472916 -0.243211 -0.151071  0.341594 -0.508437 -0.429164  0.127098
376.7 -0.349971  0.209073 -0.602395 -0.265906 -0.147966  0.340663 -0.310632 -0.203235 0.0722278
376.8 -0.309829  0.226233 -0.709212  -0.25979 -0.132006   0.32776 -0.0708448 -0.0260954 -0.0256834
376.9 -0.277426  0.243615 -0.800822 -0.239088 -0.128465  0.317329  0.108577 0.0703177 -0.105921
376.999 -0.244308  0.248543 -0.889075  -0.214346 -0.0964313   0.305333  0.246216  0.180925 -0.116896
377.099 -0.210287  0.240079 -0.981498  -0.222749 -0.0818871   0.326902  0.131369  0.209976 0.0765626
377.2 -0.18261 0.247065 -1.07684  -0.217348 -0.0949822   0.294017 0.125083 0.127225 -0.16647
377.3 -0.14927 0.242869 -1.17705 -0.225499 -0.079989  0.300575  0.0667267   0.156895 -0.0232938
377.4 -0.0951519   0.238912    -1.2915  -0.224464 -0.0624796   0.309849 0.0486099  0.199691 0.0732697
377.499 -0.0350733    0.21556   -1.40411  -0.245834 -0.0674831   0.314434 -0.0694357    0.18982 0.00777754
377.599 -0.00411027    0.188438    -1.51347  -0.263577 -0.0578928   0.309626  -0.104165   0.197444 -0.0575519
377.7 0.0074435 -0.167539   1.53236  -0.300298 -0.0526025   0.306918  -0.196043    0.21661 -0.0651797
377.8 -0.000385636     0.155066      1.43582  -0.305113 -0.0414385   0.296861  -0.115003   0.254606 -0.0972276
377.9 -0.000417568     0.151636       1.3473  -0.311945 -0.0394526   0.292462 -0.0303167   0.255055 -0.0773164
377.999 -0.00567476     0.15533      1.2726  -0.326283 -0.0333973   0.292313 -0.0200709   0.242609 -0.0167222
378.099 0.00896374  -0.172016    1.19967  -0.337021 -0.0165424   0.296917 0.0196244  0.266732 0.0245846
378.2 0.0213498 -0.182084    1.1254   -0.317667 -0.00667791     0.30477  0.163103  0.236048 0.0599089
378.3  0.040717 -0.183639   1.06005 -0.321109 0.0115845  0.313973  0.171807  0.285206 0.0578718
378.4 0.0561726 -0.177284  0.977685 -0.318348 0.0292894  0.317741    0.2024  0.269781 0.0220956
378.499 0.0676391 -0.172212  0.906992 -0.316973  0.042959  0.315004   0.240729   0.239695 -0.0248019
378.599 0.0837519 -0.159701  0.834834 -0.299694 0.0538365  0.314514   0.306687   0.199229 -0.0154351
378.7 0.0987264 -0.141502  0.774155 -0.271987 0.0526766   0.32422  0.383146  0.112939 0.0566748
378.8  0.12285 -0.13341 0.726711 -0.260088 0.0622448  0.333504  0.381069   0.15318 0.0383039
378.9  0.130425 -0.120815  0.698341 -0.243445 0.0699307  0.339905 0.352514 0.175404 0.041886
378.999   0.16723 -0.137281  0.654407 -0.233399 0.0832175  0.349508  0.283834  0.237413 0.0371711
379.099 0.204498 -0.16281 0.608164 -0.219431 0.0953413  0.368197  0.293467  0.245258 0.0939143
379.2  0.276945 -0.202468  0.571533 -0.21155 0.113065 0.379817  0.308032  0.250888 0.0816853
379.3 0.331859 -0.23318 0.537884 -0.193658  0.115792  0.383427  0.281218   0.14486 0.0166279
379.4  0.371711 -0.258994  0.527458 -0.17981 0.122548 0.357542  0.226631 0.0627011 -0.145643
379.499 0.407755 -0.27433  0.54699 -0.173277  0.117347  0.355079   0.220922 -0.0280119   -0.09187
379.599  0.484285 -0.329082  0.567801 -0.170128  0.118454  0.364893   0.210657 -0.0108262 -0.0225182
379.7  0.530582 -0.354499  0.586421 -0.163891  0.105149  0.368206   0.154495 -0.0889029 -0.0213188
379.8  0.589981 -0.377791  0.623535 -0.154421 0.0889836  0.374154   0.186457 -0.0748648  0.0148427
379.9  0.671861 -0.420426  0.656496 -0.161681 0.0903482  0.367247  0.0978758 -0.0155968 -0.0684876
380  0.738345 -0.554147  0.693693 -0.172668 0.0806414  0.367155  0.0474464 -0.0751526  -0.123784
380.099  0.767049 -0.630994  0.722223 -0.167368 0.0766293  0.375119   0.109211 -0.0162275 -0.0628417
380.2  0.786402 -0.691704  0.759499 -0.169585 0.0750759  0.379188  0.102313 0.0022927 -0.030302
380.3   0.81612 -0.781167  0.813541  -0.15834 0.0583016   0.38047   0.148842 -0.0751902 -0.0308584
380.4  0.853487 -0.855418  0.886186 -0.166218 0.0317903  0.372583  0.0735684  -0.172817 -0.0682783
380.5  0.892625 -0.917844  0.975207 -0.185583 0.0118669  0.369855 -0.0197298  -0.192052 -0.0427857
380.599 0.893968 -1.01248  1.10085  -0.197887 0.00437414    0.37244 -0.0583474  -0.110987 -0.0308329
380.7 0.783352 -1.11143   1.3087   -0.17747 0.00745332   0.380547  0.0699691  0.0266352 0.00723519
380.799 0.573144 -1.21713 -1.50381   -0.171479 -0.00324762    0.392656  0.130466  0.013529 0.0232978
380.899 0.130231 -1.27881 -0.93316  -0.170804 -0.0478636   0.397467     0.166308    -0.148559 -0.000702241
381 -0.30866  1.25471 -0.36064  -0.150704 -0.0352418    0.40055   0.212443  0.0560819 -0.0169525
381.1 -0.564777   1.17712 0.0276575 -0.104156 0.0114566  0.380667  0.285187  0.304526 -0.117299
381.2 -0.720044   1.09669  0.320205 -0.0688777  0.0524429   0.360814  0.275595  0.369394 -0.158036
381.299 -0.751452  0.987416  0.493351 -0.040744 0.0704277  0.342866  0.273632  0.251955 -0.176481
381.399 -0.716905   0.85011  0.603077 -0.017113 0.0750079  0.330226   0.25547  0.151316 -0.147734
381.5 -0.66274   0.7181 0.659483 -0.00195964   0.0814508     0.31836  0.188369  0.119922 -0.142325
381.6 -0.586654  0.613425   0.68162 0.00888974  0.0932194   0.305014    0.1441  0.157796 -0.140325
381.7 -0.51356 0.562677 0.729827 0.0156815  0.101947   0.29535  0.0942917   0.158486 -0.0876986
381.799 -0.433324  0.479633  0.772109 0.0191135  0.113879  0.303967 0.0510601  0.169798 0.0233837
381.899 -0.351555  0.398104  0.840399 0.0175928  0.129824  0.307747  0.052531    0.1908 0.0279199
382 -0.300939  0.335891  0.946702 0.0127082  0.156502  0.307877 0.0128604  0.243455 0.0347315
382.1 -0.301223  0.247367   1.05533 0.012362 0.192775 0.281174 0.00873422   0.219627  -0.118614
382.2 -0.266309  0.181948   1.15605 0.00961926   0.200044   0.277322 0.00184122   0.134116 -0.0582434
382.299 -0.341712 0.0160678   1.18793 0.0249784  0.205232  0.285062   0.0440872 -0.00442082   0.0993362
382.399 -0.475763 -0.168545   1.14468 -0.0218863   0.236608   0.314133 -0.211926 -0.130515  0.222311
382.5 -0.599477 -0.261164   1.01949 -0.0459115    0.22442   0.340462 -0.275874 -0.312099  0.174467
382.6 -0.720051 -0.294271   0.83415 -0.0153713   0.178275   0.325866  0.0153138  -0.458355 -0.0240915
382.7 -0.793849 -0.230334  0.636075 0.0156906  0.122944  0.317731  0.121671 -0.561346 -0.116148
382.799 -0.827464 -0.104023  0.445857 -0.0133408  0.0858896    0.32279   -0.117905   -0.491404 -0.00979803
382.899 -0.847195 0.0539066   0.28547 -0.0637273  0.0575579   0.324883 -0.301231 -0.343351 0.0583314
383 -0.833419  0.194107  0.153291 -0.077664 0.0277665  0.323495 -0.246956 -0.265591 0.0208603
383.1 -0.767556  0.298998 0.0330666  -0.0922872 -0.00784014    0.326099  -0.220327   -0.25642 -0.0155213
383.2  -0.693254   0.383316 -0.0843401 -0.118308  -0.04884  0.335208 -0.243137 -0.250522 0.0341344
383.299 -0.653502  0.447881 -0.169733   -0.14393 -0.0675741   0.345801 -0.232202  -0.13731 0.0901128
383.399 -0.663387   0.49401 -0.223064  -0.159737 -0.0700972   0.348654  -0.163929 -0.0787546   0.058556
383.5 -0.629464  0.526644 -0.300842  -0.182835 -0.0843761   0.356051 -0.158727 -0.113335 0.0594486
383.6  -0.54777  0.550689 -0.421675  -0.188665 -0.0733793    0.35522 -0.0647402 -0.0241674  0.0432723
383.7 -0.434179  0.551786 -0.539657  -0.174625 -0.0419819   0.352226  0.102032  0.118116 0.0299786
383.799 -0.334229  0.519587 -0.586422  -0.172181 -0.0390694   0.343195   0.154152     0.0958 -0.0170133
383.899 -0.241394  0.468175 -0.602046  -0.166787 -0.0371951   0.336954    0.18032  0.0419339 -0.0429284
384   -0.1145  0.411527 -0.656923  -0.166932 -0.0455898   0.321804    0.14501 -0.0203804  -0.105283
384.1 -0.0428764   0.368053   -0.68819  -0.162058 -0.0466638   0.309299    0.139899 -0.00813799  -0.0885681
384.2 0.0276568 -0.350185 -0.718672  -0.163323 -0.0485357   0.305896   0.129924 -0.0065706  -0.035345
384.299  0.097909 -0.363807 -0.723575  -0.159978 -0.0430975   0.297716  0.187769 0.0624962  -0.05611
384.399  0.136814 -0.384662 -0.646696  -0.147036 -0.0256342    0.29415   0.279729   0.155168 -0.0539703
384.5  0.140602  -0.42302 -0.539444   -0.121846 -0.00463076    0.278224 0.306254  0.18337 -0.10426
384.6  0.119039 -0.456724 -0.459742 -0.111873 0.0159577   0.27726   0.192911   0.146434 -0.0267549
384.7  0.128075 -0.466633 -0.546908 -0.116937 0.0160915  0.286492 0.00768241 -0.0601718  0.0358834
384.799  0.159069 -0.459152 -0.711972   -0.124228 -0.00594315    0.286084 -0.126525 -0.156726 0.0252913
384.9  0.161407 -0.429464 -0.857621   -0.14689 -0.0266633   0.289973 -0.206213 -0.165494 0.0378916
384.999  0.162792 -0.397675  -1.01258  -0.162005 -0.0325677   0.314922  -0.185378 -0.0575335   0.145688
385.099  0.167318 -0.367447  -1.14848  -0.169277 -0.0307325   0.333077   -0.1065 0.0672332   0.13341
385.2  0.169416 -0.334378  -1.27206  -0.189987 -0.0243387   0.334517 -0.111621  0.130903 0.0332274
385.3  0.168333 -0.298601  -1.38693  -0.203773 -0.0165262   0.337339 -0.0664906   0.180083  0.0138289
385.4  0.165921 -0.281232  -1.49829   -0.224738 -0.00806359    0.338236   -0.067723    0.226515 -0.00295878
385.499  0.167293 -0.268601   1.52467  -0.238446 0.00237632   0.333675  -0.067616   0.271969 -0.0540164
385.599   0.16977 -0.258695   1.40278 -0.258377 0.0184524  0.328623  -0.077087   0.273812 -0.0708913
385.7  0.171442 -0.248766   1.26109 -0.225996 0.0145414  0.331407  0.138861  0.209675 -0.046462
385.8  0.165937 -0.228188   1.12319 -0.199651 0.0166189  0.324664   0.261145   0.154107 -0.0780344
385.9  0.163695 -0.204757  0.987948 -0.187722 0.0260738  0.323972    0.32305   0.165762 -0.0455408
386  0.183859 -0.189732  0.870018 -0.170046 0.0344307  0.328726  0.382133  0.154999 0.0101536
386.099  0.225391 -0.165121  0.755591 -0.151937 0.0415521  0.333101  0.384699  0.165267 0.0173468
386.2 0.280118 -0.13002 0.624751 -0.142876 0.0573945  0.339278     0.338667     0.225612 -0.000996099
386.3   0.322057 -0.0969106   0.506842 -0.131609 0.0712556  0.344566   0.341271   0.252315 0.00494238
386.4    0.36692 -0.0607764    0.37728 -0.117764 0.0807427  0.354562   0.371268   0.222339 0.00764397
386.5   0.396251 -0.0293387   0.256453 -0.114168 0.0831327  0.365654   0.358162   0.152488 -0.0270581
386.599    0.405307 -0.00104974    0.149966 -0.0857776   0.089221   0.357774   0.331566    0.09621 -0.0709175
386.7  0.409667 0.0230358 0.0544682 -0.079595 0.0965046   0.34515  0.251687 0.0742914   -0.1187
386.8   0.399861  0.0671443 -0.0264776 -0.0695108   0.136731   0.369552  0.251581   0.19165 0.0132078
386.9  0.386957  0.091137 -0.106756 -0.0657515    0.13193   0.380397  0.206165 0.0747438 0.0343998
386.999  0.352027  0.126041 -0.193062 -0.0484043   0.155645   0.419662  0.248444 0.0882391  0.164402
387.099  0.321355   0.16775 -0.252438 -0.021248  0.186595  0.454545   0.25561 0.0910015  0.217073
387.2  0.314374  0.179427 -0.310215 -0.0197001   0.198369   0.450352   0.127055 0.00372677  0.0482544
387.3 0.302174 0.174282 -0.37267 -0.023255   0.19865  0.425467   0.056201 -0.0966417 -0.0899801
387.4  0.347366  0.203177 -0.453487 -0.0320143   0.188693   0.419713 -0.00229365   -0.190416  -0.0744259
387.499  0.316158  0.269907 -0.515191 -0.0323517   0.187993   0.422706 0.0642231 -0.255803 -0.058209
387.599  0.294792   0.32234 -0.604512 -0.0186703   0.169588   0.451209  0.122642 -0.410305 0.0445195
387.7  0.306573  0.306583 -0.701125 0.0313891  0.246673  0.476133  0.333039 -0.208676 0.0537058
387.8  0.316029  0.282947 -0.784576 0.0737459  0.282792  0.501332  0.410903 -0.150996 0.0633458
387.9  0.303888  0.256599 -0.895657 0.0782163  0.271421  0.539548  0.242286 -0.227542  0.130153
388  0.255684  0.201095 -0.997099 0.0436297  0.250574  0.586714 0.0359559 -0.324468   0.24338
388.099 0.194326 0.139415 -1.06275 0.0463287  0.248021  0.551407 -0.00613109   -0.226429   -0.091308
388.2  0.160085 0.0688877  -1.10844 0.027103 0.249172 0.550582 -0.0509285  -0.232252 -0.0699977
388.3    0.134341 -0.00581382    -1.16746 0.0113734  0.262376  0.515046 -0.0418125  -0.193076  -0.237916
388.4  0.0997717 -0.0657474   -1.23037 0.0272649  0.260247  0.489638 0.0890754 -0.188467  -0.23037
388.5  0.085347 -0.110882  -1.33078 0.0228027  0.250268  0.492847  0.0688517  -0.229164 -0.0825634
388.599 0.0926519 -0.103501  -1.37837 0.019097 0.248976 0.496564 0.0217269 -0.232672   0.02501
388.7   0.112703 -0.0362567   -1.36755 0.0106803  0.241361   0.49711 -0.0114958  -0.252067  0.0386882
388.8  0.153466 0.0562173  -1.31288 0.020991 0.245696 0.514212   0.06593 -0.225567    0.1099
388.9 0.198394 0.151223 -1.24006 0.039224 0.245458 0.544568  0.144804 -0.252614  0.219535
389 0.263067 0.257353 -1.14912 0.0437588  0.233255  0.574818  0.115574 -0.283697  0.245278
389.099 0.342546 0.311625 -1.00564 0.0378384  0.219286  0.587031  0.020599 -0.241952  0.176814
389.2  0.400779  0.309403 -0.829515 0.0464131  0.225575  0.526613 -0.0260394 -0.0196865  -0.225971
389.3  0.275083  0.192144 -0.857197 0.0573801   0.25905  0.501508  0.105471 0.0887657 -0.374281
389.4  0.195576  0.085042 -0.945603 0.0469962  0.266469  0.491061 0.0669153 0.0442072 -0.232714
389.5  0.166073 0.0524372 -0.954197 0.0445798  0.274557  0.515444  0.0743841 -0.0137608  0.0379956
389.599  0.0998363 -0.0161315   -1.00462 0.036533 0.274921  0.53665  0.0358125 -0.0674132   0.087231
389.7  0.0712657 -0.0728804   -1.00877 0.0217192  0.268577  0.525598 -0.0234632  -0.137461  0.0199282
389.799    0.11227 -0.0401643  -0.943027 0.013383 0.261042 0.524434 -0.0569211  -0.177337  0.0355389
389.899  0.174467 0.0224378 -0.821964 0.0106573  0.267662  0.520019 -0.0263463  -0.189916  0.0196782
390  0.221963 0.0684731 -0.699648 0.0125923  0.265638  0.514801 0.00249692  -0.182439 -0.0109797
390.1  0.268799  0.133988 -0.564611 0.00313335   0.245925    0.48441 -0.0554831  -0.237512  -0.154492
390.2  0.325862  0.176617 -0.400448 -0.00804521    0.230616    0.460683 -0.0973863  -0.295231  -0.206901
390.299  0.405464  0.181769 -0.188368 -0.0120858   0.220683   0.465274 -0.0690413  -0.345116  -0.112091
390.4   0.48647  0.124691 0.0211508 -0.0344713   0.178262   0.472051  -0.128025   -0.50346 -0.0581431
390.5   0.579629 -0.0219145   0.194139 -0.0660704   0.126529   0.393276  -0.26947 -0.577291 -0.347238
390.599   0.619994 -0.0903951    0.38223 -0.0897405    0.10372   0.350804 -0.223946 -0.443091 -0.394407
390.7  0.621544 -0.151543  0.547594 -0.105016 0.0806116  0.330928 -0.0959028  -0.364212  -0.313337
390.799  0.618638 -0.190087  0.733964 -0.104774 0.0630896  0.328212 0.0138946 -0.249303 -0.174078
390.899  0.604865 -0.221507  0.857505 -0.110565 0.0534113  0.331969 0.0313292  -0.12995 -0.086525
391   0.57224 -0.226794  0.937521 -0.105888  0.041063   0.33556 0.0798191 -0.106554  -0.03406
391.1  0.533262 -0.222322   1.04525 -0.110464 0.0320209  0.333208  0.0588543   -0.10283 -0.0434167
391.2  0.520943 -0.236753   1.21256 -0.115517 0.0192596  0.327566  0.0623558  -0.110526 -0.0681453
391.299  0.515977 -0.276006   1.41382 -0.169873 0.0350267  0.336421  -0.140303 -0.0513956 0.00873121
391.399  0.478325 -0.348893  -1.50389 -0.162805 0.0309408  0.342322  -0.0132093 -0.00620259    0.041755
391.5  0.421177 -0.383085  -1.31624 -0.140635 0.0197812  0.324702  0.0209165  -0.043674 -0.0457031
391.6  0.322218 -0.400908  -1.15597    -0.134609 -0.000621354     0.319334 -0.0186205 -0.0750971 -0.0363407
391.7  0.208396 -0.398308   -1.0004  -0.142849 -0.0270262   0.311914 -0.0665944  -0.164175  -0.063484
391.799  0.129699 -0.365799 -0.877737  -0.155425 -0.0512749   0.323487 -0.0440604  -0.134041  0.0230259
391.9  0.039183 -0.325657 -0.686062  -0.153445 -0.0711179   0.311311  0.0381916 -0.0760197 -0.0978993
392 -0.0289043   0.252071  -0.510096  -0.146174 -0.0715463   0.294201  0.0938786 -0.0114902  -0.146647
392.099 -0.081891  0.152342 -0.350872 -0.134228 -0.074013  0.279937  0.119562 0.0388739 -0.141674
392.2 -0.116001  0.092684 -0.214727  -0.126524 -0.0453767    0.26743   0.126503   0.207914 -0.0829425
392.3   -0.13624  0.0604522 -0.0721514   -0.113739 -0.00971509    0.264294    0.11959    0.29958 -0.0406582
392.4 -0.133704  0.045726 0.0499308  -0.10944 0.0150504  0.267526  0.116027  0.251822 0.0135252
392.5  -0.11652 0.0342718  0.146527 -0.0980591  0.0308224   0.265257   0.101641   0.186909 -0.0288108
392.599 -0.0852032  0.0190158   0.233779 -0.0938616  0.0441355   0.254613  0.0920257   0.147352 -0.0925445
392.7 -0.0574589 0.00913284   0.325227 -0.0939122  0.0523214   0.249606  0.0608712   0.120207 -0.0484104
392.799 -0.0466884 -0.0228735    0.40815 -0.10148 0.065715  0.25138  0.0469058   0.154663 -0.0244387
392.899 -0.0086373 -0.0358352   0.505894 -0.100736 0.0854473   0.24689   0.045442   0.193174 -0.0319999
393 -0.000422736   -0.0693407     0.622237 -0.107382  0.110437  0.251241  0.014634  0.192592 0.0391049
393.1 -0.102675 -0.141544   0.67386 -0.100488  0.122188  0.260618 0.0163204 0.0167333  0.140672
393.2 -0.295423 -0.214313   0.56414 -0.110425  0.108861  0.278417 0.00116264  -0.158754   0.170729
393.299 -0.464333 -0.186611  0.374555 -0.122891 0.0896917  0.292439 0.00881964  -0.224226   0.144944
393.399  -0.484385 -0.0631243   0.174503 -0.120843  0.044661  0.307332 0.0220531 -0.363504 0.0991528
393.5  -0.422166  0.0277262 -0.0262858 -0.107876 0.0124804  0.300886  0.0674834  -0.378867 -0.0813735
393.6 -0.209902 0.0667101 -0.221791  -0.105014 -0.0170214   0.268696 0.0591995 -0.339697 -0.279392
393.7 -0.0171746  0.0375575  -0.378477  -0.101778 -0.0477083   0.225661 0.0294844 -0.260559 -0.334404
393.799 0.0911336 0.0291087 -0.414152   -0.10177 -0.0394466   0.211591  0.101569 -0.043891 -0.149093
393.899  0.154518 0.0772919 -0.329222  -0.103842 -0.0336062   0.192274  0.141148 0.0422659 -0.146896
394  0.201082 0.0859831 -0.238791 -0.101425 -0.011204  0.175304 0.166689 0.118521 -0.14681
394.1   0.180521  0.0798571 -0.0885728 -0.102842 0.0267012  0.175082   0.151916   0.238982 -0.0601436
394.2  0.101839 0.0634646  0.106042 -0.101821 0.0503779  0.190243  0.112599  0.230598 0.0613736
394.299 -0.0643346 -0.0273419   0.242709 -0.106193 0.0636098  0.225553 0.0483011  0.127863  0.246981
394.4  -0.267658 -0.0601359   0.282164 -0.102684 0.0615026  0.250905  0.0204071 -0.0107042   0.254725
394.5  -0.457473 -0.0845099   0.250174 -0.109377  0.054417  0.278667 -0.0310506 -0.0876023   0.264005
394.599  -0.630219 -0.0351933    0.16679 -0.113063  0.048022  0.291913 -0.0296958   -0.12848   0.165085
394.7 -0.711803 0.0746124 0.0200584 -0.129003 0.0152097  0.311227 -0.110285 -0.251116  0.146693
394.8 -0.661929  0.164296 -0.132397    -0.1366 -0.0194289   0.313309 -0.0647406  -0.329424  0.0487332
394.9 -0.440154  0.188086 -0.359973  -0.146899 -0.0810632   0.305063 -0.0707568  -0.472919  -0.083562
395  -0.17835 0.0965355 -0.519237 -0.142006 -0.071545  0.281326  0.053941 -0.186603 -0.140155
395.099 -0.0641751 -0.0132375  -0.435104  -0.131865 -0.0502373   0.272229   0.252507   0.129126 -0.0467217
395.2 -0.00728795  -0.0584873   -0.240249  -0.123294 -0.0353268   0.219071  0.317064  0.203621 -0.296516
395.3  0.0326808  0.0570243 -0.0441007 -0.105436 0.0195224  0.194209  0.350521  0.322646 -0.271678
395.4 0.0505624 0.0718849  0.137946 -0.0901252  0.0454947   0.199956  0.302757  0.223954 -0.103073
395.5 0.062055 0.110927 0.276688 -0.0766245  0.0632073   0.200824   0.245395   0.163541 -0.0725853
395.599 0.0986185  0.138969  0.395165 -0.0699814  0.0823715   0.190438   0.149263   0.166871 -0.0774351
395.7 0.134971 0.165191 0.533564 -0.0720377  0.0912759    0.20033  0.070334  0.126723 0.0663114
395.8 0.124282 0.186764 0.658876 -0.0800779   0.102231   0.216404 0.0145219  0.111117  0.159535
395.9 0.0348527   0.25436    0.7244 -0.0714122    0.10466   0.231983 0.00761061  0.0417364    0.18775
396 -0.110612 -0.292698  0.709059 -0.0745374   0.105815   0.242992 0.0388982 0.0619386  0.123235
396.099 -0.100321 -0.254141  0.795299 -0.0832591   0.123957   0.245121 0.0166671  0.174981 0.0323361
396.2 -0.0360871  -0.250352   0.919684 -0.084669  0.135605  0.254624 0.0578678  0.124841 0.0291424
396.3 -0.00400453   -0.250165     1.02798 -0.0905287   0.146177   0.261221 0.0483429 0.0860258 0.0903971
396.4 -0.0662449  -0.314771    1.08533 -0.0846994   0.146154   0.277056  0.0863136 0.00904625   0.175048
396.5 -0.176552 -0.405074   1.06018 -0.0797185   0.144129   0.282265   0.107442 -0.0914565   0.069203
396.599 -0.211736 -0.447556    1.0095 -0.078418  0.137292  0.285695   0.106502 -0.0496445 0.00388143
396.7 -0.111908  -0.36621   1.09608 -0.0749733   0.146311   0.289091  0.0573904  0.0272571 -0.0149938
396.799 -0.0193707  -0.259643    1.16134 -0.0706554   0.150075   0.276548  0.0984273 -0.0107024 -0.0570553
396.899 -0.0417672  -0.258078    1.13276 -0.0693348   0.143642   0.279969  0.0268675 -0.0839924  0.0989348
397 -0.282585 -0.338306   0.98692 -0.0735278   0.139442   0.297379 -0.0260731  -0.131101   0.223797
397.1 -0.443762 -0.291487  0.775446 -0.0733235   0.137155   0.308954 -0.00935915   -0.128308    0.139014
397.2 -0.567721 -0.142186   0.57716 -0.089162  0.127138  0.312567  -0.11316  -0.10788 0.0536824
397.299 -0.571115  0.042614  0.394232 -0.120482  0.129399  0.305721  -0.201733 -0.0235798 -0.0670935
397.399 -0.481425  0.206541  0.162945 -0.135636    0.1082  0.299695 -0.219239 -0.157515 -0.192771
397.5 -0.347207  0.301862   -0.1263 -0.157696 0.0930892  0.268443 -0.261666 -0.192716 -0.270014
397.6 -0.246414  0.323855 -0.385678 -0.179701 0.0719055  0.255216 -0.256896 -0.163321 -0.145191
397.7 -0.159061  0.342665 -0.611539  -0.19555 0.0470756  0.262967  -0.192019  -0.159677 0.00261031
397.799 -0.119812  0.384776 -0.819802 -0.214175 0.0372732  0.266911 -0.167852 -0.069086 0.0694346
397.899 -0.155343  0.464322 -0.964393 -0.218912 0.0484562   0.27386 -0.0548868  0.0493334   0.100674
398 -0.123355  0.519419  -1.11854 -0.208717  0.067651  0.284415 0.0717413  0.103546  0.124202
398.1 -0.0495932   0.580418   -1.29502 -0.209409 0.0800657  0.287503 0.0782416  0.100001 0.0778039
398.2 0.0419934 -0.632088  -1.47015 -0.191109 0.0766351  0.282348   0.192442  0.0536718 -0.0115641
398.299  0.143793 -0.666231   1.53509 -0.184706 0.0772398  0.271825   0.212294 -0.0171712 -0.0622721
398.399 0.250467 -0.66756  1.44982 -0.177706 0.0757764  0.270681   0.166448 -0.0749654 -0.0210464
398.5  0.319787 -0.657959   1.40989  -0.15979 0.0610204  0.268788  0.187126 -0.137286 0.0205088
398.6  0.388284 -0.701367   1.40941 -0.149208  0.055226  0.273091  0.188168 -0.123012  0.101712
398.7  0.431293 -0.792827   1.46472 -0.139875 0.0417677  0.280186  0.149577 -0.122883 0.0741367
398.799  0.442533 -0.872514   1.52711 -0.130738 0.0398007  0.292569   0.117404 -0.0492169   0.084217
398.899  0.410385 -0.942155  -1.53493 -0.140826 0.0238783  0.290999 0.00714468  -0.115364  0.0579849
399   0.36858 -0.993971  -1.44513 -0.133664 0.0135124  0.294404  0.070762  -0.12567 0.0785918
399.1 0.321827 -1.05064 -1.32455 -0.130564 0.0132389  0.306368   0.120285 -0.0257875    0.11622
399.2 0.232063 -1.11665 -1.15356 -0.120493 0.0207302  0.321621  0.161112 0.0695126  0.122086
399.299  0.169296  -1.20367 -0.998894   -0.12326 0.00419232   0.329829   0.0936989 -0.00833074    0.125167
399.399 -0.0781617     1.2943  -0.700841   -0.131285 -0.00585376    0.335317  0.0180132 -0.0241382   0.124317
399.5 -0.380579   1.34494 -0.432217 -0.141909 0.0127714   0.34665 -0.104039  0.132371  0.131814
399.6 -0.600538   1.38394 -0.285408 -0.157906 0.0430855  0.349351 -0.189685  0.256492 0.0856258
399.7 -0.565187   1.40786 -0.417749 -0.182044 0.0643423  0.345479 -0.239072   0.20654 0.0659052
399.799 -0.00276194     1.39394    -1.09959 -0.207444 0.0722335  0.343648 -0.246284 0.0970512 0.0427776
399.899 0.353629 -1.24706   1.5315 -0.211596 0.0960098  0.330113   -0.133862    0.101058 -0.00318139
400 0.408035  -1.0287  1.30574 -0.235398 0.0825146  0.320215   -0.14337 -0.0447585  -0.076144
400.1  0.392343 -0.854216   1.18182 -0.225514  0.069828  0.312912  0.0264107 -0.0558291 -0.0829511
400.2  0.376884 -0.720283   1.08611 -0.204799 0.0510136  0.305998  0.159885 -0.081057 -0.110352
400.3  0.333447 -0.589369   1.01497 -0.194131 0.0344534  0.294582  0.164153 -0.072627 -0.177684
400.399  0.251667 -0.451705  0.963489 -0.201821  0.026254  0.280688   0.122398 -0.0253491  -0.215717
400.5  0.153096 -0.318471  0.898628 -0.200401  0.024411  0.281006  0.153137 0.0335318  -0.11574
400.599  0.081584 -0.197401  0.808087 -0.196142 0.0293195  0.305514  0.179182   0.10984 0.0806663
400.7 0.0314601 -0.132737  0.700115 -0.193857  0.034928  0.305335 0.198516  0.13439 0.040858
400.799 -0.0233462  0.0886823   0.592056 -0.194864 0.0475672  0.293481   0.162362   0.156055 -0.0420428
400.899 -0.0815277  0.0379338   0.524901 -0.184742 0.0465916  0.289493   0.139911  0.0805791 -0.0130129
401 -0.0680984  0.0251338   0.597316 -0.191849 0.0457629  0.281642   0.0935473 -0.00561023   0.0293619
401.1 0.00167672 -0.0188472   0.694377 -0.190602 0.0404619   0.29725   0.152852 -0.0595028   0.131415
401.2  0.0969127 -0.0155707   0.821181 -0.182079 0.0223293  0.315531  0.212993 -0.128804  0.153257
401.3   0.196613 -0.0452859   0.998992  -0.178494 0.00863051    0.32567  0.230344  -0.13844 0.0853577
401.399   0.276517 -0.0936542    1.20154   -0.175282 -0.00858885    0.322189   0.232088  -0.111536 -0.0438168
401.5  0.339713 -0.139109   1.39149   -0.16582 -0.0238326   0.316008   0.227863 -0.0849505  -0.104767
401.599  0.380902 -0.188125   1.56684   -0.217807 -0.00340141    0.304351  -0.045504 -0.0195784  -0.161227
401.7  0.402589 -0.244388   -1.3836   -0.209599 -0.00591336     0.30604  0.0346631  0.0822335 -0.0916235
401.799 0.414901 -0.29941 -1.21425   -0.155522 -0.00824627    0.297955  0.267325  0.208116 -0.103609
401.899  0.423169 -0.355872  -1.01872   -0.125117 -0.00197589    0.281581  0.269404  0.242628 -0.174619
402  0.420473 -0.393366 -0.802324  -0.109425 -0.0022417   0.241177  0.182109  0.154758 -0.352285
402.1  0.392312 -0.400305 -0.592092   -0.085527 -0.00760016    0.210824  0.202976 0.0390836  -0.40862
402.2  0.362425 -0.367169 -0.447399 -0.0527032  0.0124707   0.162418  0.238012 0.0756517 -0.493557
402.299  0.342109 -0.338456 -0.374073 -0.0196997    0.03726   0.116702  0.214012  0.145458 -0.503641
402.399  0.299758 -0.303772 -0.325868 -0.00488742   0.0173975   0.0742797 0.0824749 0.0105616 -0.440634
402.5  0.239262 -0.273932 -0.290142 -0.00177438   0.0160953   0.0352914  0.0191395 -0.0450752  -0.350308
402.6  0.189431 -0.231767 -0.267162  0.00529922   0.0178374 -0.00392456  0.0037641 -0.0210311  -0.313585
402.7  0.155959 -0.214935 -0.264985  0.0047227 0.00938331 -0.0257527  -0.148578   -0.07889 -0.0982149
402.799  0.135219  -0.21889 -0.258656 0.00954833  0.0324265 -0.0128925 0.0772565 0.0880431 0.0692215
402.899 0.0820752 -0.244632 -0.206079   0.00467167 -4.33078e-05   -0.0154874 -0.0455373  -0.107982 -0.0394652
403  0.0752801 -0.0600505   -0.22694 0.000486031   -0.010654  -0.0086885  0.0640112  -0.212466 0.00976153
403.1  -0.00924488 -0.000377281     -0.22029 0.00621335 0.00977319  -0.034757 0.0867383 0.0706322 -0.145747
403.2 0.00360636 -0.0099473  -0.216084  0.0076281 -0.0179724 -0.0175553  0.0583182 -0.0897483  0.0267602
403.299  0.00256025 -0.00933833   -0.217997 0.00976735 -0.0124048 -0.0150214  0.0764454 -0.0436568  0.0241602
403.399  0.00302409 -0.00868719   -0.216534  0.00592559  -0.0179366 -0.00917276  0.0735077 -0.0592943  0.0380552
403.5 0.00366854 -0.0101743  -0.217525 0.00870401 -0.0134607  -0.010663    0.089487  -0.0280256 0.000399827
403.6  0.00303082 -0.00944844   -0.217198  0.0115619 -0.0138978 -0.0120001  0.0983482  -0.028821 -0.0124887
403.7 0.00320097 -0.0100628  -0.217625  0.0089933 -0.0136798 -0.0116621  0.0967153 -0.0294005 -0.0100332
403.799   0.0020014 -0.00776437   -0.217795   0.0150222 -0.00417713  -0.0158327   0.113962 0.00884222 -0.0350766
403.899 0.0026629  -0.00924 -0.218481    0.0119602 -0.000632188   -0.0152819    0.10767 0.00411107 -0.0195606
404  0.00238531 -0.00702406   -0.216779  0.00984867 -0.00740892  -0.0147796  0.0999903  -0.034685 -0.0117508
404.1 0.00308241 -0.0108531    -0.2177  0.0086214 -0.0140046 -0.0118103  0.0966307 -0.0591253 0.00608234
404.2 0.00340149 -0.0100993  -0.217928   0.0075777  -0.0112737 -0.00832144  0.0996929 -0.0374437  0.0175326
404.299 0.000744444 -0.00719779    -0.21756   0.0134874 -0.00607379  -0.0199199   0.114782 -0.0114304 -0.0602994
404.399 0.00287174 -0.0106619  -0.217594  0.0117366 -0.0104975 -0.0149876    0.107116  -0.0378232 -0.00794945
404.5 0.00320228 -0.0101586   -0.21819  0.00639706  -0.0102462 -0.00881369   0.100662 -0.0352971  0.0224941
404.6  0.00340909 -0.00902165   -0.217749  0.00491912 -0.00909699 -0.00668147   0.099639 -0.0270087  0.0148464
404.7 0.00262263 -0.0102225  -0.218101   0.0116191 -0.00872826  -0.0134447   0.111292 -0.0227186 -0.0337579
404.799  0.0024665 -0.0101074  -0.217923   0.0149034 -0.00943814  -0.0158375    0.11418 -0.0262889  -0.033503
404.9  0.00320958 -0.00950123   -0.217656   0.0101218 -0.00942389  -0.0114216   0.105012 -0.0303839 0.00184932
405 0.00265908 -0.0101399  -0.218156    0.013847 -0.00868846  -0.0105874    0.111156   -0.025405 -0.00106022
405.099 0.00294947 -0.0102935  -0.217691   0.0121329 -0.00950903  -0.0135526   0.107014 -0.0316035 -0.0231583
405.2  0.00277251 -0.00942546   -0.218224   0.0115738 -0.00558977  -0.0153129   0.106704  -0.015473 -0.0265825
405.3  0.00227548 -0.00994545   -0.218653    0.0148667 -0.000912955   -0.0167416    0.113284 -0.00294809  -0.0217936
405.4  0.00330399 -0.00956165   -0.218868  0.00681444 -0.00184091  -0.0122857  0.0964316 -0.0214664  0.0091459
405.5   0.0016756 -0.00830974   -0.218962  0.0094825 0.00306048 -0.0168755    0.102644 -0.00343346  -0.0250681
405.599 0.00259315 -0.0105449  -0.219388   0.0116787 0.000990117  -0.0163106  0.0999249 -0.0203297 -0.0105535
405.7  0.00182393 -0.00931876   -0.219732  0.0118022 0.00382627  -0.017791   0.100463 -0.0116124 -0.0155915
405.8 0.00227125 -0.0106836  -0.219144  0.0103579 -0.0034516 -0.0153752  0.0929013 -0.0453912 0.00140999
405.9  0.00136819 -0.00879422   -0.219047  0.0169693 0.00123057 -0.0208936   0.106765 -0.0156553 -0.0336963
406  0.00253468 -0.00941256   -0.217173  0.0112506 -0.0148174 -0.0148865  0.0856355 -0.0826251  0.0125134
406.099  0.00230922 -0.00923635   -0.217758   0.0144285 -0.00889253  -0.0145744  0.0986848 -0.0369647 0.00200612
406.2   0.0027589 -0.00974687   -0.215711  0.0115539  -0.021196 -0.0134733  0.0867128 -0.0815035 0.00295266
406.3  0.00273959 -0.00939104   -0.216948 0.00951149 -0.0155498 -0.0142837   0.0893839  -0.0409524 -0.00749647
406.4  0.00199375 -0.00894399   -0.216924  0.0108452 -0.0139665 -0.0193564  0.0929692  -0.029177 -0.0350958
406.5 0.00302703 -0.0121435  -0.218406    0.011129 -0.00971439  -0.0146628  0.0946642 -0.0124886 0.00391095
406.599  0.00182996 -0.00763031   -0.217475   0.0106433 -0.00469193  -0.0158286  0.0936512 0.00294776 -0.0107298
406.7  0.00159001 -0.00927438   -0.219107  0.0137816 0.00461095 -0.0185135   0.101055  0.0264111 -0.0256214
406.8  0.00167961 -0.00971289   -0.219025  0.0150739 0.00347015  -0.019402  0.0963478  0.0032127 -0.0214912
406.9 0.000493442 -0.00973883   -0.219949  0.0187097 0.00845504 -0.0244395  0.0994347  0.0142913 -0.0449499
407  0.00169929 -0.00996986   -0.218094   0.0127238 -0.00499499  -0.0212139   0.0772593   -0.052586 -0.00700311
407.099 0.000878974 -0.00932722   -0.219836  0.0186807 0.00580253  -0.020216   0.0939836 0.000993758 -0.00329377
407.2 0.00189235   -0.00915  -0.218566    0.0127972 -0.000154463   -0.0156062  0.0776882 -0.0327869  0.0195416
407.3  0.00236045 -0.00910307   -0.218365   0.0118734 -0.00308485  -0.0149615  0.0751585 -0.0410994 0.00704548
407.4 0.00201559 -0.0101315  -0.217544  0.0144078  -0.010744 -0.0165923   0.0765227  -0.0620099 -0.00947729
407.499   0.0018452 -0.00902627   -0.217775   0.0137716 -0.00637871   -0.020419  0.0798427 -0.0313197 -0.0283416
407.599  0.00223518 -0.00943789   -0.216718  0.0116345 -0.0148528 -0.0164589  0.0711925 -0.0622157 0.00456121
407.7  0.00251333 -0.00980211    -0.21862   0.0115708 -0.00217696  -0.0147165     0.080151 -0.000807798   0.00647462
407.8  0.00248708 -0.00943079     -0.2186   0.0102871 -0.00117898  -0.0141996   0.0772109 -0.00578734  0.00208841
407.9 0.00183108  -0.011561  -0.219703  0.0132817 0.00171929 -0.0195385    0.0826971 -0.000410238   -0.0319653
407.999 0.00340608 -0.0116115  -0.217943 0.00665666  -0.011673 -0.0150057  0.0625484  -0.061333 0.00498905
408.099  0.0020539 -0.0102704  -0.220154  0.0128646 0.00297115 -0.0153348   0.0849039   0.0142965 -0.00318292
408.2  0.00204974 -0.00943783   -0.218301   0.0121563 -0.00231172   -0.017134  0.0770964 -0.0196951  -0.017478
408.3  0.00165818 -0.00984059   -0.218886   0.0140034 -0.00104558  -0.0183792  0.0808647 -0.0138513 -0.0186795
408.4 0.00277735 -0.0111309  -0.220181  0.0104834 0.00480662 -0.0151933  0.0765791 0.00320053 0.00329134
408.499  0.00212363 -0.00970162   -0.218286   0.0123063 -0.00385756  -0.0196675  0.0734957  -0.034957 -0.0260858
408.599  0.00156636 -0.00909149   -0.217621   0.0153368 -0.00613099  -0.0192838  0.0779717  -0.035917 -0.0145192
408.7 0.00280723 -0.0110395   -0.21952    0.0143328 -0.000274635   -0.0166047   0.0776504 -0.00913017   0.0020699
408.8  0.0017103 -0.0105496  -0.218262   0.0133254 -0.00683635  -0.0201474  0.0706155 -0.0374938 -0.0235059
408.9 0.00189729 -0.0104394  -0.217861   0.0143923 -0.00721633  -0.0218157  0.0720414 -0.0319006 -0.0209442
408.999  0.00187474 -0.00955873    -0.21825   0.0137398 -0.00594791  -0.0176669  0.0704246 -0.0230305 0.00897407
409.099 0.00224731 -0.0111304  -0.219525   0.0102315 0.000701194  -0.0178222   0.0657098 0.000617988 0.000326117
409.2 0.00188952 -0.0115873  -0.219337   0.0151625 -0.00405131  -0.0192318   0.070874 -0.0203183 -0.0109784
409.3 0.00178747 -0.0106147   -0.21959  0.0128923 0.00144828 -0.0219918  0.0701299 0.00131225 -0.0246878
409.4 0.00287171 -0.0119025  -0.218622  0.00954797 -0.00791678  -0.0150753  0.0582755 -0.0408669  0.0233498
409.499  0.00209362 -0.00879533   -0.219737  0.0117081 0.00762053 -0.0149291  0.0730381   0.028859 0.00967975
409.599  0.00263386 -0.00965567   -0.218862 0.00868568 0.00180886 -0.0133341  0.0616792 -0.0130447 0.00926728
409.7 0.00263785  -0.010142  -0.216972 0.00988217  -0.015886 -0.0134598    0.0552733   -0.0800996 -0.000238217
409.8   0.0030423 -0.00996006   -0.219188  0.00750474 -0.00201771  -0.0131792   0.0628626 -0.00684472 -0.00186337
409.9 0.00263192 -0.0095537  -0.217481 0.00957154  -0.010314 -0.0141711  0.0625295 -0.0402949 -0.0089312
409.999  0.00206929 -0.00902198    -0.21694 0.00830068  -0.012312 -0.0179228  0.0609358 -0.0411489 -0.0301502
410.099  0.00164463 -0.00985689   -0.219685  0.0154514 0.00633505 -0.0208464  0.0825629  0.0387243 -0.0326724
410.2 0.00272607 -0.0109636  -0.217954   0.0117237 -0.00606705  -0.0145628  0.0632178 -0.0335148  0.0152595
