   361.799  180.011 -180.008 -180.012 -2.34328e-05  1.74693e-05 -1.59054e-05 -0.000508628 -0.000122006   0.00045271
     361.9  0 -0  0 0 0 0 0 0 0
       362  0 -0  0 0 0 0 0 0 0
     362.1  0 -0  0 0 0 0 0 0 0
   362.199  0 -0  0 0 0 0 0 0 0
   362.299  0 -0  0 0 0 0 0 0 0
     362.4  0 -0  0 0 0 0 0 0 0
     362.5  0 -0  0 0 0 0 0 0 0
     362.6  0 -0  0 0 0 0 0 0 0
   362.699  0 -0  0 0 0 0 0 0 0
   362.799  0 -0  0 0 0 0 0 0 0
     362.9  0 -0  0 0 0 0 0 0 0
       363  0 -0  0 0 0 0 0 0 0
     363.1  0 -0  0 0 0 0 0 0 0
   363.199  0 -0  0 0 0 0 0 0 0
     363.3  0 -0  0 0 0 0 0 0 0
     363.4  0 -0  0 0 0 0 0 0 0
   363.499  0 -0  0 0 0 0 0 0 0
     363.6  0 -0  0 0 0 0 0 0 0
     363.7  0 -0  0 0 0 0 0 0 0
     363.8  180.007  179.983 -179.989   0.00070926 -0.000933793   0.00035553  0.00193517 -0.00645012  0.00248782
     363.9  179.987 -179.996  179.951 -4.84945e-05    0.0042926  -0.00364711 -0.0019365  0.0219257 -0.0268781
   363.999  179.999 -179.942  179.976  1.82099e-05 -0.000204833  -0.00423033 -0.00059256  -0.0185747  -0.0101637
     364.1  180.011 -179.955  179.894 0.000413381  0.00596976 -0.00243652 0.00177673   0.026838 0.00944234
     364.2 179.998 -179.96 179.901 -0.000543618   0.00859717  -0.00322489 -0.00394098   0.0283597 -0.00324501
     364.3   0.0109909 -0.00752094  -0.0530621  -0.00303682   0.00263046 -0.000395124 -0.0106362 -0.0213079  0.0198553
     364.4  179.989 -179.997  179.993 -0.00170585 -0.00269211 -0.00141954 -0.00248295  -0.0379648  0.00125548
   364.499  179.998 -180.007  179.993 -0.000256095  -0.00150983 -0.000532859   0.0043373 -0.00716495  0.00652903
     364.6 179.973 -179.99 179.943 -0.000462291   0.00195385  -0.00344343 0.000675622   0.0175146  -0.0200561
     364.7  179.983 -179.976   179.95  0.00149977  0.00412295 -0.00182788 0.00739061   0.021725 0.00716182
     364.8  179.973 -179.979   179.96  0.00148576  0.00254179 -0.00254335  0.00359169  0.00125071 -0.00340766
   364.899  180.003 -179.918  179.891  0.000741067   0.00616051 -0.000974127 -0.00165522   0.0193612  0.00743815
   364.999   179.94 -179.979  180.006  0.00490844 -0.00445876 -0.00577639  0.0142096 -0.0504121 -0.0270411
     365.1  179.952 -179.916  179.844   0.0040092  0.00701477 -0.00736531 0.00472309  0.0433289 -0.0218625
     365.2  179.971 -179.958  179.911 0.000205776   0.0073283 -0.00353935 -0.0116794  0.0227225  0.0188917
     365.3 179.994 -179.95 179.897  -0.00227726   0.00611768 -0.000761459  -0.017871 0.00207153  0.0237771
     365.4 179.953 179.985 179.905 0.000684491   0.0124978 -0.00335158 -0.00103156   0.0403346 -0.00838676
   365.499 179.968 -179.92  179.85 0.000510319  0.00970882 -0.00529634 -0.00237198 -0.00617769  -0.0157812
     365.6  179.943 -179.981  179.878  0.00204092  0.00810499 -0.00809171  0.00345162 -0.00913378  -0.0219736
   365.699  179.942 -179.972   179.94  0.00293847  0.00177001 -0.00786415  0.00392043   -0.038283 -0.00403325
   365.799 179.946 180.012 179.912  0.00234346  0.00455162 -0.00527942 -6.74234e-05 -0.000594178     0.016718
     365.9  179.993 -179.948  179.918 -0.00059827  0.00432673 -0.00192419 -0.0101576 6.4515e-05  0.0268666
       366  179.929 -179.944  179.919  0.00312205  0.00274707 -0.00829316 0.00491683 -0.0085406 -0.0319476
     366.1 179.911 -179.94 179.912 0.00428289 0.00207976 -0.0120326  0.00663206 -0.00787457  -0.0340688
   366.199  179.887 -179.945  179.905 0.00752402 0.00318365 -0.0150727  0.0149144 0.00377934 -0.0294356
   366.299  179.897 -179.898  179.804 0.00515549  0.0105272 -0.0154148 -0.000771305    0.0401304   -0.0138093
     366.4  179.908 -179.976  179.902  0.00363628  0.00744935 -0.00959128 -0.00674139  0.00274951   0.0368245
     366.5  179.897 -179.911  179.898  0.00457504 0.000988603 -0.00841892 -0.00383055  -0.0383094   0.0208198
     366.6  179.909 -179.945  179.918  0.00279486   0.0011916 -0.00942705  -0.0105132  -0.0111092 -0.00121142
   366.699  179.913 -179.884  179.874  0.00288947  0.00144269 -0.00822217 -0.00707746 -0.00371892  0.00773465
   366.799 179.932 -179.99 179.889  0.00110712  0.00607202 -0.00480877 -0.012215  0.029555 0.0239735
     366.9  179.939 -179.967  179.912 -8.4511e-06  0.00450491 -0.00465471 -0.0130536 0.00430013 0.00712276
       367  179.911 -179.918  179.893 0.00304455 0.00240877 -0.0113295 0.000504159  -0.0106282  -0.0416946
     367.1    179.9 -179.893  179.874  0.0067792 0.00242783 -0.0107953   0.0131536  -0.0028953 -0.00752964
   367.199  179.875 -179.991  179.924 0.00596532 0.00460876  -0.014392 0.00129768  0.0171961 -0.0282228
   367.299  179.874 -179.924  179.924  0.00493624 0.000539516  -0.0153647 -0.00623636   -0.017971  -0.0160206
     367.4  179.87 -179.96 179.944 0.00397469 -0.0019952 -0.0130906 -0.00886697  -0.0198622   0.0104521
     367.5  179.884 -179.878  179.893  0.00456757 -0.00259928  -0.0114046 -0.00612843  -0.0149829   0.0148831
     367.6  179.867 -179.965   179.98  0.00507503 -0.00512297  -0.0121447 -0.00444717  -0.0162711 0.000440899
   367.699  179.898 -179.928  179.984 0.00175783 -0.0101217 -0.0133729  -0.0170078  -0.0374418 -0.00897667
   367.799  179.905 -179.946  179.966 0.000163074  -0.0046857  -0.0124582 -0.0174221  0.0168027  0.0046893
     367.9   179.89 -179.934  179.883 0.00260128 0.00325331  -0.011209 -0.00387405   0.0503095    0.011091
       368  179.902 -179.931  179.901  0.0018288 0.00364267 -0.0111828 -0.00704846   0.0239014  0.00533006
     368.1  179.869 -179.921  179.939  0.00454929 -0.00433402  -0.0131916  0.00312075  -0.0340715 -0.00912534
   368.199  179.881 -179.918  179.859 0.00523301 0.00203391 -0.0130384  0.00366881   0.0221737 -0.00151772
   368.299  179.888 -179.921  179.944  0.00491725 -0.00279823  -0.0120137 -0.000246303   -0.0143376   0.00766949
     368.4  179.861 -180.005  179.981  0.00582119 -0.00389689   -0.015959  7.5359e-05 -0.00904899  -0.0235841
     368.5  179.825 -179.916  179.925  0.00835759 -0.00243795   -0.020957 0.00714023 0.00249131 -0.0389915
     368.6  179.818 -179.966  179.969  0.00894351 -0.00417819  -0.0203903  0.00465421 -0.00618288 -0.00747168
   368.699  179.809 -179.911   179.86   0.00491155 -0.000485316   -0.0160406 -0.0135462  0.0127624  0.0241727
   368.799 179.794 179.983 179.996  0.00669703 -0.00885364  -0.0146962  -0.003483 -0.0341056  0.0204352
     368.9  179.783 -179.954   179.87   0.0066964 -0.00222514  -0.0167257 -0.00441926   0.0198106 -0.00935098
       369   179.8 179.988 179.921    0.005226 2.44609e-05  -0.0159616 -0.0104505  0.0263993 0.00242708
     369.1 179.761 179.987 179.903   0.00665294 -4.04461e-05   -0.0167561 -0.00538252   0.0110247 -0.00325063
   369.199 179.714 179.908 179.943  0.00779754 0.000518467  -0.0196398 -0.00164928   0.0102785  -0.0202933
   369.299  179.72 179.974 179.903  0.00616018 0.000661192  -0.0156975 -0.00924197  0.00211592   0.0202409
     369.4 179.687 179.975 179.902   0.00530427 -0.000119457   -0.0155289  -0.0110354 -0.00220134  0.00765865
     369.5 179.697 179.987 179.911  0.00768023 0.000205162  -0.0150748 0.000117777  0.00215793  0.00684234
     369.6 179.669 179.947 179.931 0.00715013 0.00393941 -0.0155372   -0.0044924    0.0240224 -0.000488346
   369.699 179.697 179.989  179.91  0.00414911 0.000501805  -0.0128183 -0.0160132 -0.0126204  0.0182214
   369.799 179.664 179.971 179.919 0.00533621 0.00101045 -0.0171053 -0.00859941 0.000392734  -0.0221142
     369.9 179.641 180.013 179.907 0.00891985 -0.0015201 -0.0209533 0.00511673 -0.0140545 -0.0312216
       370 179.676 179.978 179.937  0.00818865 -0.00218123  -0.0200689 -0.00246203 -0.00673971 -0.00288766
     370.1 179.687 180.003 179.924  0.00610395 -0.00549381  -0.0197446 -0.0130213 -0.0234383 0.00142024
   370.199 179.638 179.959 179.938 0.00826061 -0.0026652 -0.0203771 -0.00277507  0.00912634 -0.00144958
   370.299 179.711 179.981 179.912  0.00187232 -0.00519054  -0.0150802 -0.0268084 -0.0153086  0.0322027
     370.4 179.684 179.918 179.915  0.00205518 0.000192022   -0.014425 -0.0160165  0.0281162  0.0143652
     370.5  179.66 179.989 179.827 0.00798795 0.00783944 -0.0185498  0.0080649  0.0514417 -0.0212838
     370.6 179.645 179.944 179.903  0.0110398 0.00515988 -0.0226237  0.0132488 0.00866255 -0.0311005
   370.699 179.694 179.985  179.91  0.00668493 -0.00114936   -0.019627 -0.0098099 -0.0357441 0.00874179
   370.799 179.607 179.995 179.879  0.00826386 -0.00448295   -0.020656 -0.00389364  -0.0349598 -0.00191881
     370.9 178.877 179.774 179.893  0.00797204 -0.00199986   -0.020375    -0.024265 -0.000289661    0.0176261
       371 175.677 178.743 178.816   0.00737073 -0.000176024   -0.0104222 -0.00843724   0.0148929   0.0985251
     371.1 174.655 178.776 179.604   0.0127073 -0.00129797    0.004964 0.0192549 0.0150109  0.180118
   371.199 171.293 177.871 179.644  0.0162554 -0.0022281  0.0288605   0.0271824 -0.00690235      0.2664
   371.299 167.352 178.083 179.811   0.0140613 -0.00335748   0.0600468 -0.0109773 -0.0222829   0.314787
     371.4 163.738 177.275 178.327 0.00799092 0.00358242   0.103836 -0.0652069 0.00927158   0.392998
     371.5 160.913  176.37 175.808  -0.00193355 -0.000566034      0.13812 -0.0883333 -0.0374455   0.334012
     371.6 160.347 176.041 172.492 -0.00521807  -0.0118112    0.145967 -0.0650968  -0.104691  0.0830539
   371.699  162.64 175.814 168.414 -0.000849304   -0.0171312     0.138686 -0.0133212 -0.0570427 -0.0940696
   371.799 165.887 175.771 165.794 -0.00385434  -0.0217037    0.131155 -0.00806821 -0.00876094  -0.0960197
     371.9 168.608  175.03 164.838 -0.0101418 -0.0137989   0.132059   0.025848  0.0885294 0.00598436
       372 170.021 174.602 167.446  -0.0116608 -0.00951689    0.145679 0.0554348  0.100561  0.137374
     372.1 170.863 174.371 172.619 -0.00432366  0.00283761    0.152382 0.0957754  0.145755  0.103163
   372.199 171.125 175.092 178.208 0.00102547  0.0120692   0.159616 0.0959899  0.123811 0.0949622
   372.299  170.812  175.444 -175.166 0.0119607 0.0294331  0.164137 0.0985881  0.161851 0.0507631
     372.4  171.823  176.167 -166.784 0.0351697 0.0455059  0.165453   0.125786   0.143192 0.00855973
     372.5  172.086  175.154 -159.147 0.0414883 0.0775216  0.167008 0.0631899  0.200903 0.0269078
     372.6  167.847  174.006 -153.311 0.0415452  0.096087  0.174783 0.00415983   0.115262   0.110165
   372.699   161.61  175.474 -150.737 0.0404074 0.0743808   0.19284 -0.0178461  -0.175461   0.187496
   372.799  155.621  177.257 -152.055 0.0272601 0.0564935  0.242998 -0.178991 -0.255906  0.364553
     372.9   151.55  178.794 -159.242 0.0192571 0.0332271  0.245496 -0.179153 -0.299189 0.0146765
       373  152.881 -178.958 -168.649 0.00407835  0.0027719   0.249797 -0.235095 -0.300227 -0.069688
     373.1  155.366 -178.526 -179.405 -0.0201918 -0.0210165   0.243153 -0.232821 -0.185886 -0.119599
   373.199 160.522 179.383 174.087 -0.0381726 -0.0199623   0.239209   -0.11189  0.0781532 -0.0824584
   373.299 165.099 176.658 173.978 -0.0364254 -0.0145553   0.218602 0.0670664  0.159199 -0.175063
     373.4 169.768 174.267 177.164  -0.018851 0.00731403   0.191836  0.196113  0.247795 -0.228755
     373.5   173.49  172.905 -177.714 -0.00477481   0.0343932    0.175059  0.194595  0.270863 -0.125872
     373.6  175.658  172.686 -171.235 0.0126969 0.0539445  0.162976   0.185786    0.23216 -0.0840946
   373.699  178.115  173.298 -162.752 0.0230026 0.0766315  0.166279 0.130858 0.211155 0.040783
   373.799  179.311  173.914 -153.375 0.0363073 0.0957514  0.159865   0.107663   0.162985 -0.0185778
     373.9  179.226  173.823 -142.758 0.0449985  0.114292  0.164771 0.0614836  0.158786 0.0480311
       374  176.468  168.686 -132.389 0.0720146  0.129937  0.222211  0.107709 0.0450825  0.501142
     374.1  168.219  164.159 -125.531 0.112765 0.123076 0.254293 0.226559 -0.13376 0.399691
   374.199  162.837  161.877 -125.409 0.0864517  0.120566  0.339168 -0.114778 -0.264446  0.633837
   374.299  154.466  162.975 -133.181 0.0769602  0.105279  0.334792 -0.109184 -0.310702 0.0175298
     374.4  149.719  164.209 -145.578 0.0433851 0.0941068  0.297692  -0.28664   -0.2037 -0.351723
     374.5  148.845  165.922 -158.275 -0.00364273   0.0731461     0.25744 -0.392303 -0.174154 -0.386806
     374.6  150.591  168.326 -167.731 -0.0291791  0.0386844   0.235282 -0.301646 -0.218177 -0.277478
     374.7  155.166  170.433 -173.115 -0.0447291  0.0208491   0.220943  -0.193585 -0.0947394   -0.20736
   374.799  160.404  171.139 -174.055 -0.0375777  0.0356661   0.193284 -0.0167019   0.179052  -0.279717
     374.9  166.618  171.824 -170.587 -0.0399821  0.0513089   0.175121 0.0117567  0.241526 -0.166631
       375   171.76   172.72 -164.514 -0.0303622   0.070991   0.156425 0.0864616  0.272268 -0.125379
     375.1  175.769  173.691 -156.224 -0.0219067   0.110425    0.14167   0.101221   0.373263 -0.0904106
   375.199  177.473  174.517 -147.723 -0.0135588   0.148603   0.122607 0.0856255   0.33769 -0.131287
   375.299  178.457  176.124 -139.166 -0.00150611    0.176016    0.145381 0.0829659  0.217685  0.156184
     375.4  177.718  174.922 -131.687 0.0155312  0.194744  0.172065 0.0997895 0.0774179  0.264987
     375.5 174.104 171.718 -124.67 0.0114165  0.208922  0.212973 -0.0391403  0.0102867   0.377757
     375.6  169.775  166.515 -123.543 0.00382591   0.224961   0.263978 -0.0913821 -0.0964897    0.43923
   375.699  163.667  165.554 -129.424 0.00836864   0.196806   0.280667 -0.000270839    -0.336313     0.230352
   375.799  157.886  167.397 -137.382 0.00769511   0.168856   0.275905  -0.0505716   -0.350347 -0.00526916
     375.9 153.759 171.253 -145.59 -0.00434763    0.137787    0.252405 -0.124662 -0.319812 -0.169711
       376  151.269  174.932 -154.401 -0.041414  0.116072  0.248845  -0.317502  -0.230232 -0.0591476
     376.1  150.254  178.924 -163.304 -0.0680525  0.0804951    0.27639 -0.372512 -0.322586  0.132959
   376.199  151.598 -176.922 -172.391 -0.0987656  0.0587511   0.283181 -0.374064 -0.236439 0.0419589
   376.299  152.429 -173.286  178.007 -0.126172 0.0321031   0.28754  -0.337138  -0.214807 0.00143064
     376.4 153.852 -171.67 169.324 -0.149621  0.011922  0.287574  -0.283857  -0.155107 -0.0577858
   376.499  155.827 -170.482  160.721  -0.196953 -0.0776952   0.319789  -0.47198 -0.567372  0.169346
   376.599  157.687 -169.054  152.843 -0.241331 -0.143104   0.34164  -0.45783 -0.582874  0.216503
     376.7 159.942 -167.94 145.416 -0.266234   -0.1502  0.337675 -0.207082 -0.211238 0.0493003
     376.8  162.297 -166.851  139.379 -0.265269 -0.147364  0.322416  0.0181123 -0.0179287 -0.0834784
     376.9  164.081 -165.938  134.052 -0.236477 -0.128168  0.296698 0.266244 0.161501 -0.22305
   376.999  165.961 -165.683  128.989  -0.209834 -0.0973908   0.288056  0.317193  0.270874 -0.135964
   377.099  167.891 -166.162  123.686  -0.221281 -0.0844988   0.312885 0.0285978  0.202944  0.143821
     377.2  169.613 -165.761  118.164  -0.234998 -0.0954433   0.287422 -0.065955 0.0305259 -0.161327
     377.3  171.467 -165.957   112.49  -0.245326 -0.0959925   0.290672 -0.0844772   0.039391 -0.0178292
     377.4  174.561 -166.219  105.907  -0.243739 -0.0768725   0.296107 -0.000151542     0.151473    0.0690899
   377.499 178.016 -167.56 99.4113  -0.254884 -0.0771029   0.300548 -0.0877581   0.118193  0.0102747
   377.599  179.816 -169.161  93.1244  -0.271672 -0.0651807   0.302354   -0.128753    0.142043 -0.00651895
     377.7 0.403002 -9.72242 -92.3319  -0.297538 -0.0707117   0.294385  -0.203015  0.0925443 -0.0894246
     377.8  179.955 -171.043   82.172  -0.312596 -0.0550719   0.282816 -0.154819   0.17085 -0.109464
     377.9  179.817 -171.151  77.0844  -0.313407 -0.0547123   0.272056 -0.00628279    0.135574   -0.109886
   377.999  179.436 -170.889  72.7458  -0.323483 -0.0504839   0.267425 -0.0259731   0.117458 -0.0392999
   378.099 0.297169 -10.0787 -111.431  -0.333815 -0.0366129   0.273794 -0.0191828   0.165909  0.0516469
     378.2  1.00614 -10.6372 -115.693  -0.323036 -0.0214398    0.28665 0.112973 0.171351 0.122602
     378.3  2.29592 -10.6964 -119.469   -0.319848 -0.00574663     0.29336 0.120708 0.205225 0.063803
     378.4  3.15684  -10.306 -124.258 -0.312932 0.0110987  0.298931  0.143875  0.196612 0.0421461
   378.499  3.85306  -9.9525 -128.317 -0.315676 0.0293524  0.299494   0.114478   0.202523 0.00619673
   378.599  4.71401  -9.2834 -132.372 -0.304686 0.0411403  0.294095  0.174927  0.148045 -0.040064
     378.7   5.6283   -8.151 -135.855 -0.277827 0.0417358   0.30438   0.29569  0.037915 0.0867928
     378.8  6.99582 -7.67749 -138.682 -0.258896 0.0450074  0.316032  0.297893 0.0612649  0.078733
     378.9  7.36665 -6.99973 -140.353 -0.238141 0.0492247  0.323264  0.266034 0.0832112 0.0770476
   378.999  9.54163 -7.95687 -142.821 -0.231651 0.0651154  0.326851  0.145417  0.188572 0.0253886
   379.099   11.676 -9.44429  -145.47 -0.221421   0.07858  0.342397 0.155462 0.194553 0.109328
     379.2  15.8669 -11.7471 -147.654 -0.210905 0.0934074  0.345875  0.187568  0.178239 0.0472403
     379.3  18.9998 -13.4154 -149.526 -0.191862 0.0994303   0.34667    0.187083    0.082705 0.000201044
     379.4  21.4786 -15.0306 -150.243 -0.183906 0.0961535  0.346128    0.159056 -0.00622819  -0.0328372
   379.499  23.4015 -15.7886 -149.077   -0.1705 0.0959407  0.344711    0.159027  -0.0571218 -0.00163303
   379.599  27.8143 -18.8767  -147.95 -0.164977 0.0953092  0.350909   0.121796 -0.0322525  0.0356869
     379.7  30.5047 -20.2383 -146.843 -0.160714 0.0889841  0.352644  0.0546361 -0.0802952  0.0206512
     379.8   33.921 -21.6011 -144.681 -0.156064 0.0749462  0.356644  0.0915801 -0.0820204  0.0399626
     379.9  38.5381 -24.0552  -142.79 -0.159662 0.0759059  0.353639  0.0284886  0.0063582 -0.0355777
       380 42.4691 -31.681 -140.66 -0.173701 0.0694913  0.352225 -0.0464055 -0.0570277  -0.085658
   380.099  44.1603 -36.0466  -139.08 -0.166622 0.0666566  0.360913  0.0758707 -0.0071531  0.0140467
     380.2  45.3421 -39.5373  -136.96 -0.170475 0.0623136  0.365402  0.0378084 -0.0108091  0.0250577
     380.3  47.0794 -44.6686 -133.854 -0.163635 0.0463975  0.366798 0.0970146 -0.111622 0.0094343
     380.4  49.1725 -48.9274 -129.652 -0.173143 0.0231537  0.359764 -0.00486512   -0.192723  -0.0479448
     380.5  51.4419 -52.5306 -124.572  -0.187665 0.00152637   0.355304 -0.0834538  -0.200423  -0.042557
   380.599  51.5491 -57.9465 -117.393   -0.205212 -0.00111748    0.358969  -0.141742 -0.0455796  0.0021767
     380.7  45.2805 -63.6623 -105.541  -0.185859 0.00403401    0.36894  0.100733 0.0922598 0.0468576
   380.799  33.3703 -69.7739 -86.8481   -0.172854 -0.00697917    0.380535   0.164028 0.00209141   0.048217
   380.899  8.11006   -73.38 -54.2383  -0.167233 -0.0422101   0.386412  0.147869 -0.162844 0.0247031
       381  162.663 -107.953  158.933  -0.148871 -0.0228864   0.393859  0.194551  0.152032 0.0378672
     381.1  147.774 -112.372  -178.65  -0.10241 0.0276551  0.375355  0.349678  0.435654 -0.129089
     381.2  138.742 -117.012 -161.743 -0.0647501  0.0669197   0.354553  0.341745  0.409949 -0.184251
   381.299  136.961 -123.278 -151.839 -0.0376875  0.0822364   0.337679  0.292576  0.209922 -0.168397
   381.399  138.896 -131.135 -145.569 -0.0127085  0.0822683   0.322501  0.253877 0.0550636 -0.139682
     381.5  142.063 -138.727 -142.389 -0.00256674   0.0886498    0.313753  0.121595 0.0710509 -0.101569
     381.6  146.371 -144.672 -141.124 0.00677325    0.10284    0.29895 0.0715258  0.140713 -0.139326
     381.7  150.523 -147.569 -138.336 0.0192593  0.107803   0.29356  0.0654263  0.0854971 -0.0577123
   381.799  155.147 -152.262 -135.931 0.021668 0.120093 0.303162 0.0073083   0.12121 0.0694473
   381.899   159.89 -157.012 -132.095 0.0167397  0.140145  0.302875 -0.0181202   0.180356   0.017318
       382  162.783 -160.645 -125.955 0.0133292  0.164296  0.299796   -0.0430173     0.229984 -0.000831413
     382.1  163.127 -165.953 -119.912 0.012214  0.20747 0.271232 -0.0305222   0.259589  -0.153228
     382.2  164.806 -169.622 -113.995 0.0307111  0.203774  0.266963   0.112582  0.0468084 -0.0702706
   382.299  160.516 -179.099  -112.04 0.0458089   0.20117  0.286027  0.114099 -0.089382  0.193199
   382.399  152.678  170.635 -114.578 -0.0104621   0.234963   0.321001  -0.347527 -0.0398539   0.299844
     382.5   145.43  165.327 -121.681 -0.0423991   0.232461   0.332719 -0.363016 -0.162963 0.0998497
     382.6  138.565  163.483 -132.292 -0.0130296   0.190027   0.323315  0.0713284   -0.43188 -0.0700328
     382.7    134.4  167.067 -143.631 0.0174862  0.135362  0.311129  0.165531 -0.540987 -0.146497
   382.799   132.56  174.311 -154.461 -9.60246e-05    0.0899617     0.310084  -0.103548  -0.467192 -0.0397421
   382.899  131.434 -176.693 -163.647 -0.0571639  0.0678951   0.313416 -0.402622 -0.253224 0.0383113
       383  132.276 -168.691 -171.194 -0.0813567  0.0402866   0.317218 -0.325617 -0.198094 0.0253975
     383.1  136.039  -162.71 -178.138 -0.0915393  0.0104511   0.318301  -0.197665   -0.21327 -0.0417247
     383.2  140.363 -157.854  175.132  -0.115009 -0.0318637   0.326742 -0.231034 -0.271797 0.0397644
   383.299  142.615 -154.174  170.319  -0.142681 -0.0580269    0.33993 -0.237281 -0.157746  0.115934
   383.399  142.002 -151.561  167.283  -0.156107 -0.0573912   0.341068  -0.134014 -0.0337997  0.0389608
     383.5  143.952 -149.671  162.758  -0.176313 -0.0673324   0.345278  -0.148247 -0.0844497  0.0356124
     383.6  148.661 -148.332  155.791  -0.188321 -0.0651231   0.346626  -0.0870182 -0.00998869   0.0232392
     383.7  155.187 -148.253  149.019  -0.179937 -0.0415269   0.342428  0.0968678   0.163002 -0.0176849
   383.799  160.906 -150.087  146.331  -0.173906 -0.0361207   0.329009   0.139725   0.107911 -0.0929278
   383.899  166.237 -153.048  145.415  -0.168176 -0.0308755   0.323341   0.124109  0.0583308 -0.0681419
       384  173.522 -156.334  142.259  -0.175308 -0.0425032    0.31636 0.00619077 -0.0613308 -0.0701826
     384.1  177.593 -158.884  140.463  -0.173834 -0.0469867   0.306807  0.0237865 -0.0270085 -0.0662525
     384.2   1.6119 -20.0879 -41.3313   -0.17302 -0.0469582   0.301885  0.0432964 0.00940993 -0.0305353
   384.299  5.60659 -20.8483 -41.5913  -0.16901 -0.037844  0.295656    0.11887   0.115474 -0.0477074
   384.399   7.8267 -22.0622 -37.1892  -0.155571 -0.0193762   0.289862   0.209388   0.212748 -0.0650354
     384.5  8.04831 -24.2118 -31.0421  -0.129402 0.00410346   0.275969 0.249956 0.244844 -0.10951
     384.6  6.85488  -26.234 -26.5078 -0.117597 0.0286915  0.272921   0.106829    0.19142 -0.0195137
     384.7  7.38077 -26.7783 -31.5214 -0.125778 0.0260363  0.284414  -0.117262 -0.0874794  0.0763092
   384.799  9.11057  -26.314 -41.0297   -0.134382 -0.00106706    0.282718  -0.20751  -0.20546 0.0162402
     384.9  9.25116 -24.6243 -49.3546  -0.157243 -0.0264364   0.284223 -0.259119    -0.207 0.0130991
   384.999  9.37412 -22.8402 -58.2064  -0.176844 -0.0375141   0.308407  -0.215364 -0.0729898   0.164416
   385.099  9.59692 -21.0999 -65.9476  -0.185126 -0.0348734   0.331344 -0.0920785  0.0838082   0.177195
     385.2  9.69534 -19.2273 -72.9988    -0.2042 -0.0286747   0.329498    -0.122435     0.124777 -0.000358883
     385.3 9.63005 -17.209 -79.599  -0.217793 -0.0221491   0.322394 -0.0805895   0.148193 -0.0684148
     385.4  9.49502 -16.2095 -86.0008  -0.231736 -0.0157616   0.321169 -0.0708198   0.178938 -0.0355135
   385.499   9.5678 -15.4973 -92.7706    -0.24806 -0.00646168    0.318595  -0.107037   0.208012 -0.0502377
   385.599  9.72423 -14.9224  -99.766  -0.260096 0.00651386   0.313641 -0.0711577   0.192577   -0.06091
     385.7  9.77973 -14.3736  -107.91  -0.227435 0.00333274   0.314693   0.241236   0.100987 -0.0239858
     385.8  9.36968 -13.2383 -115.861    -0.185899 -0.000843642     0.305258  0.407727 0.0205923 -0.089898
     385.9  9.31993 -11.8438 -123.591  -0.17773 0.0108779  0.303118   0.289527   0.110706 -0.0386142
       386  10.4519 -10.9898 -130.374 -0.166127 0.0199638  0.308777  0.271635  0.121307 0.0433166
   386.099  12.8145 -9.55344 -136.918 -0.151338 0.0290526  0.314683  0.248277  0.132943 0.0515528
     386.2  15.9216 -7.57194 -144.431 -0.142783 0.0430769  0.316513   0.184919    0.17954 0.00181688
     386.3  18.3591 -5.68241 -151.235 -0.133266 0.0546378  0.315991    0.191205    0.173215 -0.00846418
     386.4  20.9401 -3.53229 -158.659 -0.117293 0.0686077  0.328769  0.241627   0.16265 0.0648271
     386.5  22.6114 -1.68247 -165.746 -0.104185 0.0606295  0.341634      0.24889 -0.000741442    0.0529753
   386.599   23.1511 0.0386188  -171.803 -0.0792763  0.0634477   0.323056   0.215931 0.00316935 -0.0937279
     386.7  23.3301   1.4369 -177.322 -0.0703661   0.067166   0.307624  0.141277 0.0114823 -0.130038
     386.8 23.0442 3.45427 177.848 -0.0666056   0.104577   0.316308  0.0969958   0.209114 -0.0339411
     386.9 22.3305 4.61613 173.138 -0.0620847   0.103453    0.32964 0.0876035 0.0892356 0.0361731
   386.999   20.27 6.59389 168.094 -0.0344085   0.135866   0.375187 0.189846 0.145965 0.221742
   387.099 18.3775 9.28948 164.826 -0.0065187    0.17234   0.419928 0.200218 0.142834 0.270606
     387.2 18.1766 9.29227 161.461 -0.0113455   0.168057   0.410322  0.0200464 -0.0303448   0.033143
     387.3 16.6783 10.9203 158.493 -0.011399  0.178401  0.430913   0.014021 -0.0826179   0.117812
     387.4 18.9654  13.275 154.203 -0.014934  0.172222  0.430375 -0.0315608  -0.140064  0.0648323
   387.499 17.3315  16.472 150.346 -0.011437  0.174265  0.432146 0.0189869 -0.218496 0.0241558
   387.599 16.1308 19.7461 145.652 -0.00262751    0.152969    0.440371 0.0223481 -0.400273 0.0156012
     387.7 16.2258 21.1104 141.753 0.0607308  0.260622   0.45585  0.374741  0.167555 0.0293346
     387.8 15.6588 22.4428 138.131 0.124272 0.316588 0.456532  0.480854  0.229481 -0.027628
     387.9 14.1482  23.247 132.671 0.157776 0.352425 0.409892  0.262675  0.196803 -0.354743
       388 10.6275 21.1796 126.416 0.121341 0.327904 0.416101 -0.116191 -0.212653 -0.157207
   388.099 6.81321 17.2841 121.913 0.110976 0.285901 0.424024   -0.17765  -0.449738 -0.0402533
     388.2 4.46202 13.4158 118.495  0.06832 0.260867 0.470773 -0.283045 -0.549668  0.226463
     388.3 2.22147 9.26589 114.504 0.0523774  0.255966  0.478514 -0.163485 -0.443205 0.0905901
     388.4 0.613489  5.17984  110.504 0.0685719   0.26567  0.453115 0.0747065 -0.341393 -0.135656
     388.5    179.6  177.206 -75.0867 0.0819624  0.262019  0.446879   0.120813  -0.390207 -0.0928342
   388.599  179.89 176.852 -78.141 0.065474 0.251735 0.445351 -0.0963345  -0.465013 -0.0238765
     388.7 0.879842  6.84768  102.605 0.0577725  0.245339  0.457791  -0.11459 -0.476814 0.0769112
     388.8 3.43027  12.372 106.125 0.0638693  0.249748  0.462159 -0.014215 -0.406075 0.0302733
     388.9 6.51573 17.9331 110.976 0.0874365  0.250237  0.474498  0.125458 -0.404951  0.059236
       389 10.7856 24.2077 117.326  0.10899 0.248546 0.481539    0.15592  -0.386311 0.00342039
   389.099 15.7457 27.3861 126.659  0.11846 0.246003  0.43984 0.0488094 -0.300004 -0.297354
     389.2 19.2968 27.2093 137.775 0.143927 0.274376 0.414941   0.179456 -0.0712117  -0.369341
     389.3 11.4111 20.4906 134.383 0.145553 0.291521 0.416787   0.188026 -0.0739471   -0.31595
     389.4 6.50784 14.3733 128.182 0.120941 0.292367 0.419067 -0.043716 -0.231352 -0.142565
     389.5 4.92768 11.9863 127.236 0.0958844  0.275394  0.463539 -0.174814 -0.436585  0.206489
   389.599 0.96476 7.74395 123.488 0.0751752  0.259588  0.489671 -0.178495 -0.448276  0.174313
     389.7  179.162  175.607 -56.9971 0.068749 0.257686 0.486825 -0.124623  -0.40155 0.0666163
   389.799 1.54146 6.22837  127.07 0.0648563  0.258786  0.483269 -0.102192 -0.361889 0.0219629
   389.899 5.50096 9.34886 134.631 0.0697209  0.269548  0.475589 -0.0176233  -0.296175 -0.0466237
       390 8.59784  11.958 141.822 0.0615127  0.275165  0.443151 -0.0605091  -0.262029  -0.230814
     390.1 11.8984  14.852 149.836 0.0524258  0.266974  0.431803 -0.101309 -0.326084 -0.191874
     390.2 16.5031 14.2899 158.612 0.0322118  0.236866  0.454311 -0.163147 -0.481085 0.0136849
   390.299 21.3122 14.3147 170.681 0.0170647  0.211894  0.467898 -0.184807 -0.490045 0.0389092
     390.4  25.7031  11.5153 -177.016 -0.00318434    0.177329      0.4878 -0.236181 -0.536407  0.112073
     390.5  33.0771 -1.17941 -169.463 -0.0515207   0.101193   0.356437 -0.354736 -0.738088 -0.387699
   390.599  35.8104 -5.23894  -159.06 -0.0809327  0.0646076   0.330743 -0.263541 -0.515769 -0.351291
     390.7  35.7948 -8.81181 -149.451 -0.0927318  0.0589025   0.323062 -0.0963744  -0.259158  -0.192825
   390.799  35.6082 -11.0615  -138.74 -0.0943842  0.0490465   0.322362  0.0183529   -0.14261 -0.0886234
   390.899  34.7611 -12.8904 -131.648 -0.0942237  0.0400938   0.324669  0.0557304  -0.057016 -0.0405176
       391  32.8915  -13.226 -126.888 -0.101343 0.0356737  0.328937  0.0202019 -0.0184536 -0.0153565
     391.1  30.6482 -12.9759 -120.596 -0.120113  0.030941  0.324723  -0.065177 -0.0259413  -0.073057
     391.2  29.9284  -13.769 -110.973 -0.130148 0.0194229  0.315453 -0.0173894 -0.0667873  -0.115947
   391.299   29.714 -16.0261 -99.3889 -0.18009 0.030167 0.319339  -0.272894  0.0439113 -0.0139457
   391.399  27.5236 -20.1768 -86.4997  -0.17618 0.0312197  0.331763 -0.0217118  0.0945125  0.0869704
     391.5  24.1691 -22.1171 -75.7484 -0.141407 0.0219662  0.314218   0.166737  0.0182882 -0.0933175
     391.6  18.4197 -23.1387 -66.4821   -0.139076 -0.00136338    0.306216 0.00574174   -0.10491 -0.0840574
     391.7  11.8656 -23.0009 -57.5125  -0.157502 -0.0381895   0.300719  -0.149391  -0.273199 -0.0789732
   391.799   7.3492  -21.056 -50.4979  -0.172027 -0.0593745   0.319429 -0.100709 -0.168681  0.106563
     391.9  2.14907 -18.7763 -39.5202  -0.166112 -0.0757794   0.306441  0.0470075 -0.0723609  -0.104774
       392 178.223 -165.52  150.57  -0.150205 -0.0695918   0.287363  0.144912 0.0603825 -0.175576
   392.099  175.189 -171.267  159.671 -0.133518  -0.05777  0.272032  0.168351  0.149855 -0.152092
     392.2  173.251 -174.658  167.495  -0.122896 -0.0286739    0.26238   0.141906   0.302722 -0.0678764
     392.3  172.104 -176.483  175.671  -0.113372 0.00657983   0.261342  0.101326  0.341178 -0.011469
     392.4  172.299 -177.323 -177.376 -0.111981   0.02483  0.267812 0.0645077  0.217059 0.0542564
     392.5  173.268 -177.983 -171.838 -0.0997988  0.0385233   0.264425  0.0666664   0.144281 -0.0369038
   392.599  175.084 -178.854 -166.853 -0.0945465  0.0532592   0.253363 0.0479783   0.13955 -0.112646
     392.7  176.702 -179.391 -161.648 -0.0956565  0.0653049   0.249277 -0.00321478    0.131728  -0.0380125
   392.799  177.297  178.788 -156.852 -0.101976 0.0779747  0.250571 -0.0249568    0.15765 -0.0128169
   392.899 179.483  178.01 -151.24 -0.101787 0.0963873  0.244337 -0.0150885   0.191958  -0.044154
       393  179.962  176.097 -144.554 -0.108901   0.12009  0.245871 -0.0580673   0.201938  0.0268042
     393.1  174.136  171.949 -141.543 -0.100911  0.128344  0.256967 -2.73915e-05   -0.0216492     0.158617
     393.2  162.981  167.784 -147.797 -0.106087  0.112584  0.270349 -0.0117505  -0.210396   0.141247
   393.299  153.384  169.405 -158.717 -0.126121  0.100545  0.289769  -0.10505 -0.174123  0.144096
   393.399  152.227  176.518 -170.134 -0.122822 0.0592241  0.302495 -0.0268398  -0.364622  0.0732975
     393.5   155.83 -178.302  178.414 -0.108928  0.024279  0.294029  0.059976 -0.358698 -0.138478
     393.6  168.042 -176.059  167.185   -0.106142 -0.00346585    0.264114 0.0377639 -0.271721 -0.320181
     393.7  179.072 -177.775  158.223  -0.101391 -0.0316675   0.218163 0.0288395 -0.188684  -0.39203
   393.799  5.26339  1.48653 -23.7804  -0.104652 -0.0338419   0.207018 0.0556142 0.0161015 -0.106163
   393.899  8.89756  4.29403 -18.8731 -0.111181 -0.032399  0.192904 0.0530505 0.0655122 -0.101854
       394  11.5679  4.84245 -13.6647   -0.106724 -0.00754092     0.17789 0.0849897  0.187285 -0.110646
     394.1  10.4349  4.42422 -5.10488 -0.106265   0.03262  0.180452    0.058609    0.330384 0.000903909
     394.2 5.90308 3.63158 6.07218 -0.108177 0.0591196  0.197561 0.00666846   0.267073   0.125934
   394.299  176.352  178.495 -166.179 -0.113284 0.0754563  0.226775 -0.0455953   0.105906   0.260217
     394.4 164.658 176.645 -163.93 -0.106799 0.0711625  0.248011 -0.0193237 -0.0903627   0.217033
     394.5  153.762  175.304 -165.789 -0.108758 0.0630503  0.272256 -0.0491956  -0.139088   0.209203
   394.599  143.877  178.184 -170.541 -0.110397 0.0552813  0.282894 -0.046007 -0.139738 0.0853146
     394.7  139.211 -175.584 -178.987 -0.125043 0.0300913  0.299198   -0.1376 -0.237201 0.0969152
     394.8  142.131 -170.419  172.354   -0.135879 -0.00934947    0.306583 -0.109063 -0.348764 0.0328051
     394.9  154.851 -169.098  159.242 -0.146269  -0.06784   0.29555 -0.0900844  -0.495984  -0.132578
       395 169.912  -174.4 150.118  -0.148452 -0.0653385   0.275078  0.0353393 -0.0687612  -0.156236
   395.099 176.449 179.417 154.997  -0.136772 -0.0390927   0.270095   0.237095   0.303731 -0.0128945
     395.2 179.686 176.855 166.216  -0.128159 -0.0235262   0.222047  0.247138  0.248016 -0.334095
     395.3  1.94825   3.1599 -2.56622 -0.110561 0.0321383  0.197748  0.262405  0.424298 -0.260384
     395.4 2.92521 4.02297 7.80927 -0.0946427  0.0611108   0.202993   0.199415   0.246456 -0.0370815
     395.5 3.53932 6.34622 15.7803 -0.0819417  0.0724747   0.204554   0.14673  0.100235 -0.020499
   395.599 5.58626 7.93887 22.5071 -0.0752398  0.0895777    0.19025  0.0486034    0.12259 -0.0934079
     395.7 7.66329 9.44675 30.4181 -0.0762334   0.098058   0.194969 -0.0250031  0.0800888  0.0552223
     395.8 6.99145 10.7013 37.5986 -0.0810137   0.107955   0.208996 -0.0575952  0.0599486   0.155473
     395.9 1.92478 14.5621 41.3217 -0.0689285   0.110752   0.227404 0.00601954 -0.0227176   0.200528
       396  173.516  163.359 -139.567 -0.0675311   0.108193   0.237034   0.0444603 -0.00181935   0.0943641
   396.099  174.151  165.519 -134.641 -0.0787217   0.130986   0.237857  -0.0565639    0.204383 -0.00717174
     396.2  177.724  165.838 -127.504 -0.0818052   0.144718   0.246791 -0.00135502    0.124953   0.0286824
     396.3  179.694  165.788 -121.393 -0.0923699    0.15853   0.262176 -0.0431267  0.0946978   0.153195
     396.4   175.99  162.176 -118.144 -0.0810378   0.155443   0.275676  0.0888388 -0.0310456   0.179062
     396.5  169.594  157.058 -119.728 -0.0863467   0.162227   0.275168    0.0230704    -0.051296 -0.000365817
   396.599  167.508  154.688 -122.589 -0.0891894   0.157979   0.275567  0.0129089 -0.0144851 -0.0457976
     396.7  173.368  159.285 -117.609 -0.0848331   0.166438   0.276998 -0.00054424   0.0598244  -0.0299344
   396.799 178.911 165.288 -113.89 -0.0801216    0.16818   0.276823  0.0542619 -0.0137816  0.0132583
   396.899  177.348  165.466 -115.562 -0.0797862   0.164873   0.278702 -0.0200275 -0.0712395   0.117534
       397  163.628  160.907 -123.779 -0.0798636   0.157045   0.294645 -0.0269696  -0.128798    0.22388
     397.1  154.405  163.594 -135.762 -0.0659135   0.145855   0.303197 0.0551116 -0.139001 0.0864859
     397.2  147.429   172.11 -147.036 -0.0815547   0.138106   0.303084  -0.139414 -0.0719296 0.00468898
   397.299   147.29 -177.343 -157.487  -0.1203 0.144186 0.298167  -0.314869  0.0572101 -0.0929702
   397.399  152.503 -167.996  -170.74 -0.140728  0.125593  0.295065 -0.289823 -0.149747 -0.160449
     397.5  160.209 -162.547  172.733 -0.160049  0.106607  0.268133 -0.280974 -0.186765 -0.258409
     397.6  166.009 -161.249  157.873  -0.18224 0.0800429  0.255826 -0.253456 -0.176891 -0.115978
     397.7  170.987 -160.245  144.933  -0.19907 0.0488786  0.259007 -0.168489 -0.208883 0.0188404
   397.799  173.217 -157.872  133.032  -0.21929 0.0361552  0.264331  -0.157725 -0.0920811  0.0901329
   397.899  171.066 -153.313  124.781 -0.220186 0.0432327  0.263144 0.00740307  0.0576896  0.0377163
       398  172.894 -150.185   116.03 -0.218749 0.0595504  0.273303 0.0653775  0.124009 0.0960361
     398.1  177.094 -146.685  105.863 -0.215982 0.0727205  0.271576 0.0677128  0.114611 0.0125218
     398.2  2.39257 -36.2699 -84.2413 -0.197807 0.0723434   0.26819   0.200179  0.0700916 -0.0448511
   398.299  8.25676 -38.2304  -92.122 -0.186925 0.0710366  0.254596   0.191505 -0.0229633  -0.121661
   398.399  14.4334 -38.2895 -97.0831 -0.180919 0.0683044  0.250986    0.11178 -0.0679209 -0.0489344
     398.5  18.4099 -37.7006 -99.3716 -0.166391 0.0561677  0.253431  0.148736 -0.109469 0.0365171
     398.6  22.3244 -40.2071 -99.4431 -0.154035 0.0482175  0.256876   0.156544 -0.0996515  0.0924517
     398.7  24.8047 -45.4245 -96.2876 -0.145174 0.0367865  0.266792    0.10147 -0.0891182  0.0801842
   398.799  25.4653 -50.0084 -92.7689 -0.135194  0.034118  0.277299  0.0769856 -0.0195155  0.0850687
   398.899  23.6535 -53.9739 -88.2698 -0.143195 0.0194974  0.277446 -0.0561473  -0.102651  0.0374109
       399  21.2687 -56.9275 -83.1433 -0.135068 0.0100989  0.281966  0.0655552 -0.0952953  0.0585708
     399.1  18.6825 -60.1938  -76.311  -0.132158 0.00921112   0.293835  0.0911544 0.00814242   0.108665
     399.2  13.6014 -64.0057 -66.5645 -0.124198 0.0182531  0.310275 0.117813 0.112595 0.132348
   399.299  10.1949 -68.9719 -57.8718 -0.123626 0.0133386  0.322348 0.0323172 0.0500468    0.1389
   399.399  176.195 -105.779  139.106  -0.134861 0.00636683   0.330009    -0.08076 -0.00414061    0.117735
     399.5  158.799 -102.808  154.522 -0.141252 0.0249443  0.337722 -0.146488  0.170328     0.092
     399.6  146.275 -100.531  162.846  -0.15611 0.0570895  0.338719 -0.208045  0.309044  0.026881
     399.7  148.645 -99.1574  154.897  -0.17584 0.0829605  0.334025  -0.225791   0.243838 -0.0201336
   399.799  1.10841 -79.9049 -64.4351 -0.201352 0.0897687  0.329567  -0.240462  0.0798289 -0.0440508
   399.899  20.6144 -71.4562 -92.7592 -0.210107 0.0938113   0.31631   -0.109992 -0.00261755   -0.119765
       400  23.5698 -58.9155 -105.552 -0.234684 0.0751687  0.304253 -0.156272 -0.134488 -0.139743
     400.1  22.5997 -48.9581  -112.59 -0.223662  0.058749  0.297168 0.0961873 -0.112189 -0.100841
     400.2   21.701 -41.2851 -118.033 -0.201731 0.0402277  0.293774  0.241863 -0.117924 -0.078888
     400.3  19.1705 -33.8373 -122.092 -0.190553 0.0222523  0.282303  0.180063 -0.115615 -0.153872
   400.399  14.3893 -25.9571 -125.019  -0.19606 0.0154867  0.269551 0.0718864 -0.042917 -0.176296
     400.5   8.7373 -18.3405 -128.711 -0.199978 0.0149245  0.268924  0.0657986  0.0364334 -0.0594984
   400.599  4.59563  -11.444 -133.929 -0.197324 0.0194064  0.288045  0.10437 0.113039 0.128044
     400.7  1.65743 -7.77005 -140.102 -0.190412 0.0239556  0.287828   0.13778  0.095804 0.0412652
   400.799  178.631 -174.697  33.6327 -0.190184 0.0271671  0.263409 0.0861248 0.0732136 -0.160614
   400.899  175.235 -177.685  29.8365 -0.184418 0.0292676  0.258137  0.0546915  0.0243808 -0.0585984
       401 175.944 -178.39 33.9372 -0.186477 0.0276977  0.257064  0.0264973 -0.0785365  0.0526946
     401.1  179.926 -178.742  39.5905 -0.187939 0.0259373  0.274562  0.0631356 -0.0787015   0.171004
     401.2  5.38283 -1.10654 -133.134   -0.18306 0.00937855     0.2921  0.112656 -0.146099  0.173783
     401.3  11.0644 -2.79545 -122.967   -0.179686 -0.00378761    0.303626  0.133516 -0.143842  0.106852
   401.399  15.6444 -5.56051  -111.39   -0.18057 -0.0193142   0.302274   0.105874  -0.104481 -0.0259017
     401.5  19.3246 -8.08583 -100.497  -0.183452 -0.0262991   0.297782  0.0496403 -0.0451989 -0.0742759
   401.599  21.7797 -10.8716 -90.4384  -0.226042 -0.0123448   0.288013 -0.227921 0.0738728  -0.11859
     401.7   23.085 -14.0384  -79.464   -0.227647 -0.00746674    0.298502 -0.0596439   0.166439  0.0349889
   401.799   23.797 -17.2051 -69.7747   -0.171813 -0.00985409    0.292103   0.361165   0.224125 -0.0513514
   401.899   24.207 -20.4072 -58.5596  -0.131306 -0.0050592   0.279012  0.364229  0.208264 -0.142777
       402  24.1149  -22.601 -46.2008   -0.114611 -0.00862225     0.23648  0.198283 0.0594732 -0.385305
     402.1 22.5466 -22.932 -34.158 -0.0919341 -0.0106066   0.207606   0.226149 -0.0255272  -0.382164
     402.2  20.8297 -21.0838 -25.9162 -0.0540266  0.0134465    0.16278  0.315541  0.123607 -0.467965
   402.299  19.6065 -19.3926 -21.7019 -0.0195374  0.0431011   0.115659  0.284763  0.224305 -0.497383
   402.399  17.1814 -17.4138 -18.9479 -0.00228295   0.0306182   0.0725747  0.126953 0.0286998 -0.420698
     402.5  13.6956 -15.6762 -16.7658 0.00290105  0.0201202   0.036582  0.0376227 -0.0776008  -0.320801
     402.6    10.92  -13.419 -15.6043   0.0094096   0.0309257 -0.00190239 0.0310034 0.0282953  -0.31023
     402.7  8.94553 -12.3508 -15.3924 0.00336469  0.0181554 -0.0268321  -0.158571 -0.0751309  -0.113576
   402.799  7.79935 -12.6253  -15.047  0.00735769    0.042775 -0.00805109 0.0776331  0.127534  0.110543
   402.899  4.80879 -14.2224 -12.0611 7.09396e-06   0.0167783 -0.00736313 -0.0768876 -0.0988472 -0.0161996
       403  4.32787 -3.54013 -13.2567 -0.00236368  0.00264373  -0.0066821    0.030307    -0.23366 -0.00947121
     403.1  179.526 -179.952  167.256 0.00345913  0.0129436 -0.0366748 0.0630812 0.0849984 -0.197048
     403.2  0.186005 -0.500048  -12.6091  0.00397711 0.000717229  -0.0207325  0.0396669 -0.0323737  0.0305501
   403.299  0.178799 -0.606775   -12.651    0.006293 -0.00416748  -0.0153755  0.0443372 -0.0408516  0.0474626
   403.399  0.177925 -0.563112    -12.64   0.00551271 -0.000446919   -0.0124864  0.0394726 0.00761168  0.0315976
     403.5  0.200231 -0.573264   -12.639 0.0074192 0.0034387 -0.013127    0.0449171    0.0274989 -0.000949385
     403.6   0.18308 -0.601728  -12.6766  0.0100494 0.00534642 -0.0156705  0.0490677  0.0220759 -0.0201733
     403.7  0.222802 -0.635189  -12.6385   0.00355128 -0.000545039   -0.0114385  0.0147336 -0.0256531  0.0144136
   403.799  0.150404 -0.543649  -12.6382 0.00805589 0.00454079 -0.0163559 0.0419309 0.0226202  -0.03155
   403.899   0.18568 -0.563432  -12.6956 0.00668432  0.0165731 -0.0176121   0.036652  0.0744223 -0.0239009
       404  0.161474 -0.408463  -12.6072 0.00424132  0.0148537 -0.0175943  0.0219149  0.0244677 -0.0107549
     404.1  0.185794 -0.670279  -12.6659 0.00630754 0.00587656 -0.0157282  0.0277573  -0.041825 0.00845093
     404.2  0.206597 -0.624606  -12.5792  0.00281328 -0.00600548  -0.0135369 0.0123871 -0.081865 0.0144588
   404.299 0.0928901 -0.494226  -12.6152 0.00702499 0.00174659 -0.0223581 0.0429688 0.0121726  -0.05672
   404.399  0.180436 -0.621122  -12.6242  0.0069906 0.00512971 -0.0176391  0.0404394  0.0218817 0.00796546
     404.5  0.238479 -0.603001  -12.6334 0.00121953 0.00599548 -0.0082409  0.0162707 0.00937255  0.0575212
     404.6  0.219908 -0.527495   -12.584 -0.00185035  0.00251316 -0.00738347 0.00721772 -0.0135856  0.0178292
     404.7  0.183537 -0.609213  -12.6663 0.00329985 0.00977519 -0.0140432  0.0389069  0.0339896 -0.0371121
   404.799  0.141525 -0.557735  -12.6606 0.00824675  0.0130769 -0.0183405  0.0550642  0.0368258 -0.0451041
     404.9  0.209909 -0.589446  -12.6509 0.00415252  0.0102019 -0.0134897   0.0280034 -0.00565544   0.0114094
       405  0.172398 -0.599463  -12.7066 0.00667989  0.0149784  -0.013808  0.0402264  0.0224812 -0.0017327
   405.099  0.217554 -0.629358  -12.6667 0.00432556  0.0110643 -0.0136907   0.0250916  -0.0140596 -0.00653229
     405.2  0.123306 -0.504243  -12.6665 0.00879242   0.014425 -0.0208376  0.0446857  0.0153087 -0.0515772
     405.3  0.151623 -0.554769   -12.732 0.00898026  0.0238069 -0.0212977   0.043737  0.0528119 -0.0248233
     405.4 0.213318 -0.55966  -12.703 0.00232282  0.0173218 -0.0155843 0.00860013 -0.0188389  0.0236946
     405.5  0.108131 -0.446773  -12.6687 0.00414277  0.0175841 -0.0197883   0.0235203 -0.00355107  -0.0210197
   405.599  0.168044 -0.587986  -12.6979  0.0064025  0.0145389 -0.0173424  0.0311331 -0.0197707  0.0067298
     405.7  0.138521 -0.588548   -12.686 0.00717047  0.0101409 -0.0177312    0.0319039   -0.0334463 -0.000645046
     405.8  0.148966 -0.570032   -12.731 0.00552981  0.0176209 -0.0169918   0.0299415   0.0238658 0.000759625
     405.9  0.119157 -0.522021  -12.6713 0.00877352  0.0159854 -0.0220608  0.0396024 0.00557553 -0.0349917
       406  0.153737 -0.538583  -12.6305 0.00580888  0.0084464  -0.018073  0.0210445 -0.0406209  0.0117465
   406.099  0.125927 -0.535793  -12.6276 0.00887157 0.00843073 -0.0172421   0.038304 -0.0169063 0.00728341
     406.2 0.194598  -0.5974 -12.5819 0.00567385 0.00190266 -0.0131735  0.0196771 -0.0471101  0.0257441
     406.3  0.194968 -0.575778  -12.5924 0.00179933 0.00187348 -0.0153302 0.00948762 -0.0249402 -0.0106271
     406.4  0.143921 -0.576257  -12.6078 0.00530846  0.0039194 -0.0220963  0.0312829 0.00087853 -0.0487218
     406.5  0.149384 -0.643322  -12.6928 0.00886044  0.0125318 -0.0196779   0.0478072   0.0452766 -0.00114637
   406.599  0.131318 -0.468957  -12.6327 0.00731139  0.0143261 -0.0173665  0.0316043  0.0291023 0.00969966
     406.7  0.116637 -0.636322  -12.7148  0.0105753  0.0187439 -0.0215224  0.0418772  0.0315906 -0.0288838
     406.8 0.0955115 -0.573975  -12.6951  0.0124286   0.017909 -0.0247805  0.0404952  0.0104135 -0.0336974
     406.9 0.0994277 -0.596799  -12.6824  0.0108675  0.0145018 -0.0255282  0.0259553 -0.0152663 -0.0227159
       407   0.12475 -0.569875  -12.6516 0.00625076 0.00945796 -0.0199619 0.00851904  -0.036043  0.0263645
   407.099 0.0731406 -0.562661  -12.7211  0.0125113  0.0194285 -0.0205097 0.0447146 0.0416617 0.0036519
     407.2  0.104289 -0.546283  -12.7416  0.0103269  0.0239245 -0.0205739   0.0287165   0.0402669 -0.00330593
     407.3  0.122319 -0.553341  -12.7464   0.010183  0.0245037 -0.0202841   0.0248914   0.0173353 5.26665e-05
     407.4  0.114864 -0.585942  -12.6513  0.0104249  0.0106569 -0.0210378   0.0184873  -0.0678427 -0.00743195
   407.499 0.161541 -0.61634 -12.6842 0.00780146  0.0102014 -0.0210097    0.014154  -0.0352681 -0.00607594
   407.599  0.174722 -0.542239  -12.5699 0.00410246 0.00179271 -0.0149988 0.00369729  -0.060288  0.0359455
     407.7  0.178986 -0.602797  -12.7167 0.00510925  0.0158339 -0.0145657 0.0244089 0.0451317 0.0103827
     407.8 0.148532 -0.54154 -12.6996 0.00641745  0.0181941  -0.018117   0.028619  0.0328018 -0.0214892
     407.9  0.126075 -0.703363   -12.775  0.0101114  0.0220794 -0.0251137  0.0405868  0.0316054 -0.0551182
   407.999  0.227367 -0.739006    -12.68 0.00244693 0.00608348 -0.0171466 -0.00149167  -0.0773036    0.029203
   408.099  0.108277 -0.577527  -12.7582 0.00867815  0.0173436 -0.0199283  0.0418618   0.033163 -0.0081386
     408.2 0.0981639 -0.563536  -12.6248 0.00907104 0.00671746  -0.022863  0.0298636 -0.0421821 -0.0263981
     408.3 0.0929329 -0.532497  -12.6334 0.00926133 0.00818904 -0.0228037  0.0325127 -0.0103262 -0.0109881
     408.4  0.144796 -0.587603  -12.7516 0.00547853  0.0214639  -0.020614 0.0218069 0.0594479 0.0048904
   408.499 0.107216 -0.56797 -12.6496 0.00940096  0.0126105 -0.0240285  0.0312191 -0.0159002 -0.0204257
   408.599 0.0921315 -0.536399  -12.6065  0.0102736 0.00589509 -0.0210344  0.0306991 -0.0422066  0.0103649
     408.7  0.146609 -0.611751  -12.6685 0.00950415  0.0093232 -0.0206747     0.027602  -0.00306301 -0.000692609
     408.8   0.11746 -0.597109  -12.6298 0.00791793  0.0039006 -0.0232714  0.0172645 -0.0321865 -0.0220353
     408.9  0.143252 -0.612588  -12.6677 0.00777545 0.00980702 -0.0223796    0.024034   0.0169519 -0.00412186
   408.999  0.117313 -0.554845  -12.6943 0.00925352  0.0142398 -0.0201945 0.0306878 0.0305883 0.0123655
   409.099  0.144734 -0.615526   -12.768 0.00616779  0.0235751 -0.0203461   0.0164766   0.0571432 -0.00132263
     409.2   0.16075 -0.638128  -12.7987 0.00922429  0.0252177 -0.0182753 0.0298235 0.0340353 0.0115479
     409.3  0.122584 -0.594125  -12.7423 0.00956736  0.0228525 -0.0212968  0.0272937 0.00575908 -0.0194231
     409.4 0.122853 -0.60291 -12.7495 0.00754106  0.0178033 -0.0219444  0.0156618 -0.0274015 -0.0117277
   409.499  0.115102 -0.520451  -12.7317 0.00898331  0.0225425 -0.0227691   0.0290898   0.0176159 -0.00871959
   409.599  0.173278 -0.550967  -12.6971 0.00299703  0.0173711 -0.0143599 0.00302816 -0.0247495  0.0481511
     409.7  0.160015 -0.585572  -12.5851   0.00528536 -0.000113403   -0.0155912  0.0129744   -0.10295 0.00777986
     409.8 0.179648  -0.6102   -12.76 0.00437397  0.0160245 -0.0151394  0.0252346   0.035733 0.00309146
     409.9  0.154603 -0.555853  -12.6555 0.00628496  0.0113384 -0.0179152   0.0294266 -0.00474614  -0.0175599
   409.999  0.147954 -0.535544  -12.5917  0.0051553 0.00589949 -0.0184768  0.0215377 -0.0331556 -0.0144413
   410.099  0.126311 -0.555295  -12.7365 0.00869842  0.0233777 -0.0206462  0.0446801  0.0761013 -0.0204949
     410.2  0.148846 -0.522671  -12.6278 0.00800814  0.0136099 -0.0164496  0.0262332 -0.0239943  0.0205538
