   361.799  180.011 -180.008 -180.012 -2.34328e-05  1.74693e-05 -1.59054e-05 -0.000508628 -0.000122006   0.00045271
     361.9  180.012 -179.998  180.013 -0.000108935   3.1415e-05  1.00442e-05  -0.0011027 0.000182982 0.000255947
       362  0.00029966  -0.0067127 0.000954189   1.5378e-05  3.09284e-05 -4.78244e-05 0.000629246 0.000248097 0.000545875
     362.1  180.013 -180.007 -180.012 -3.96878e-05 -1.98303e-05  -4.2625e-05 -0.000936129 -5.27793e-05  0.000483406
   362.199 0.000364477 -0.00636732 -0.00212838  5.25386e-06  2.32332e-05 -2.90011e-05  0.000341791 -0.000366692  0.000784566
   362.299  0.00467312 0.000568545  -0.0049406 -2.74989e-06 -3.78497e-06 -2.85548e-05 -0.000162063 -0.000446428  0.000829592
     362.4  180.013  -180.01 -180.012 -4.47717e-05 -8.62992e-06 -2.69523e-05 -0.000310072 -0.000896113  0.000493011
     362.5  0.00337825 -0.00200029 -0.00030781 -1.56561e-05 -1.63159e-06 -1.43284e-05 -0.000112516 -0.000378623 -0.000126216
     362.6  180.011 -179.999  180.013 -1.23314e-05  8.91823e-06  5.53137e-06 -0.000107555 -9.13272e-06 -0.000782905
   362.699  180.011 -180.008 -180.013 3.05942e-06 2.33309e-05 4.75109e-07  0.000696536 -7.57748e-05 -0.000561253
   362.799  0.00176221 -0.00237236 3.45985e-05 -6.10543e-05   2.7008e-05  2.67757e-05 3.41941e-05 3.75895e-05 0.000294959
     362.9   0.00548903 -0.000353581   0.00233534 8.33207e-06 1.52481e-05 6.67979e-05 0.000422546  0.00138116 0.000307697
       363  0.00325364   0.0100313 -0.00483724  1.39563e-05 -3.83242e-05   9.3209e-05 -9.31743e-05   0.00071618  0.000769631
     363.1 0.000327193 -0.00259246 -0.00282616  1.74907e-05 -5.38212e-05  7.15983e-05 -0.000357223  2.58096e-05  0.000648979
   363.199  0.00487436  0.00377075 -0.00301492  4.62997e-05 -2.14632e-05  5.09413e-05 0.000253602 7.92409e-05 0.000286897
     363.3  0.00161805 -0.00663952 0.000257519  3.57348e-05 -4.94055e-05  9.80468e-06 0.000836831 -0.00128622 0.000727993
     363.4  180.013 -180.003 -180.011 -2.9066e-05  4.8272e-05 -1.3606e-05  -0.00125404   0.00210778 -0.000937995
   363.499   0.0047044 0.000725965   0.0029088 -3.72018e-05 -7.55132e-05  5.37543e-05  -0.00153919  -0.00026681 -0.000149626
     363.6  0.00606188 -0.00101046  0.00350288  7.38146e-06 -5.38918e-05  4.68409e-05  -0.0012855 -0.00110396 5.38906e-05
     363.7  0.00159402 -0.00476204 -0.00367218  5.14233e-05  4.29254e-05 -5.75464e-05 -0.000669381 -0.000140538  -0.00191941
     363.8 180.013 180.013 -180.01 3.15731e-05 6.32061e-06 7.61065e-06 -0.000168275  -0.00180596  0.000685335
     363.9  180.011  179.978 -179.991 0.000904766 -0.00156176 0.000603701  0.00223648 -0.00844759  0.00366917
   363.999  179.98 -179.99 179.938 -0.000306501   0.00665371  -0.00644154 -0.00200677   0.0213957  -0.0261536
     364.1 180.003 -179.94 179.969 -8.14192e-05  -0.00204217  -0.00529451 -0.000605283   -0.0177584  -0.00963811
     364.2 0.00220926 -0.0623433  -0.132318 0.000550372  0.00890867 -0.00137027 0.000391667   0.0291227  0.00968125
     364.3      180 -179.952  179.888 -0.000947401    0.0116512  -0.00362588 -0.00325126   0.0297904 -0.00233724
     364.4   0.0133127 -0.00482749  -0.0561803 -0.00418486 0.000448405  0.00159164 -0.0110084 -0.0212518  0.0202354
   364.499  179.988 -179.991  180.001  -0.0019926 -0.00652096 -0.00136398 -0.00226807  -0.0371648 0.000572482
     364.6  179.997 -180.009  179.996 8.63701e-05 -0.00225891 0.000138742  0.00317549 -0.00614543  0.00538195
     364.7 179.974 -179.98 179.937 -0.000430473   0.00389269  -0.00557368 -0.000144081    0.0197311   -0.0191901
     364.8 179.982 -179.97  179.94   0.0022475  0.00635503 -0.00102258 0.00665349   0.023349 0.00716952
   364.899   179.97 -179.979  179.962  0.00183302  0.00257517 -0.00284737  0.00198256  0.00146573 -0.00382677
   364.999  180.003 -179.907   179.88  0.000692838   0.00808525 -0.000107997 -0.000211336    0.0194016   0.00727303
     365.1  179.936 -179.975  180.009  0.00633013 -0.00968161 -0.00851743  0.0125253 -0.0491983 -0.0277416
     365.2  179.942 -179.907  179.831  0.00447887   0.0116121 -0.00949248 0.00327937  0.0454789 -0.0208574
     365.3  179.969 -179.958  179.905 -0.00100813  0.00978888 -0.00150213 -0.0132562  0.0245354  0.0193576
     365.4  179.993 -179.959  179.889 -0.0040882 0.00638901 0.00175485 -0.0178624 0.00233601  0.0245124
   365.499 179.947 179.979   179.9 0.000539071   0.0167057 -0.00422027 -0.00207651   0.0389055 -0.00781303
     365.6  179.965 -179.921   179.84 0.000196527  0.00925444 -0.00690481 -0.00309238 -0.00422873  -0.0150697
   365.699  179.941 -179.972  179.877 0.00226058 0.00714635 -0.0103675  0.00121294 -0.00880388  -0.0222811
   365.799  179.942 -179.971  179.945  0.00326585  -0.0021428 -0.00825586   0.0028128  -0.0397153 -0.00258249
     365.9  179.942 -180.007  179.907  0.00226473   0.0044606 -0.00354107 -0.000176204  0.000483651    0.0178286
       366  179.997 -179.952  179.917 -0.00177955  0.00438046  0.00105404 -0.0110954 0.00082451  0.0273556
     366.1  179.926 -179.942  179.921 0.00352304  0.0019631 -0.0114664  0.00395535 -0.00816095  -0.0306372
   366.199  179.905 -179.936  179.911 0.00484344  0.0012854 -0.0156486  0.00504462 -0.00759271  -0.0345876
   366.299  179.877 -179.942  179.904 0.00893935 0.00360456 -0.0181433  0.0125004 0.00368726 -0.0293868
     366.4  179.896 -179.896  179.785 0.00496355  0.0148173 -0.0168085 -0.00257105   0.0413206  -0.0127201
     366.5  179.896 -179.975  179.902  0.00279102  0.00777222 -0.00601386 -0.00993675   0.0025674   0.0366458
     366.6  179.894 -179.903  179.896  0.00406589 -0.00294862 -0.00625751 -0.0055839 -0.0368278  0.0211731
   366.699  179.904 -179.942  179.923  0.00161443 0.000193421 -0.00953871  -0.0120238 -0.00867846  -0.0014674
   366.799  179.912 -179.884   179.87 0.00203447 0.00113475  -0.007328  -0.0092933 -0.00130995  0.00744665
     366.9  179.929 -179.986  179.886 -0.000202906   0.00919003  -0.00224804 -0.0133945  0.0315454  0.0237331
       367  179.941 -179.957  179.914 -0.00137863  0.00496624 -0.00385437 -0.0146224 0.00573923 0.00771085
     367.1  179.906 -179.914   179.89 0.00305766 0.00140791 -0.0155067 -0.00114527 -0.00828669  -0.0408994
   367.199   179.9 -179.89 179.867 0.00797373 0.00215682  -0.011575   0.00905136 -0.000334426  -0.00877604
   367.299 179.871 -179.99 179.931 0.00595743 0.00635676 -0.0172886 -0.00264761   0.0174324  -0.0290513
     367.4  179.869 -179.917   179.93  0.00417335 -0.00129853  -0.0169515 -0.00865516  -0.0161383  -0.0150715
     367.5  179.868 -179.957  179.949  0.00296721 -0.00394799  -0.0119658  -0.012231 -0.0203542  0.0109175
     367.6  179.879 -179.879  179.892  0.00380544 -0.00401936 -0.00983884 -0.0087748 -0.0142953  0.0153309
   367.699  179.866 -179.964   179.99   0.0044665 -0.00676361  -0.0121554 -0.00691218  -0.0170258 0.000857619
   367.799  179.896 -179.922  179.995 -0.000123329   -0.0138514   -0.0143288  -0.0188277  -0.0364749 -0.00786252
     367.9  179.905 -179.954  179.969 -0.00180251 -0.00273776  -0.0119901 -0.0199932  0.0190584 0.00477285
       368   179.89 -179.926  179.878   0.0021506  0.00835849 -0.00998317 -0.00553289   0.0512701   0.0135069
     368.1  179.902 -179.919    179.9 0.00102256 0.00618186 -0.0106874 -0.00889702   0.0264727  0.00534703
   368.199  179.867 -179.915   179.94  0.00476226 -0.00771946  -0.0140827  0.00157159  -0.0333879 -0.00746946
   368.299   179.88 -179.916  179.846 0.00542706 0.00438333 -0.0131802   0.00149834     0.024341 -0.000650882
     368.4  179.883 -179.925  179.942  0.00472283 -0.00431485  -0.0112462 -0.00325359  -0.0137477  0.00764156
     368.5   179.86 -180.001  179.991  0.00570715 -0.00476229  -0.0184965 -0.00210074 -0.00828244  -0.0236007
     368.6  179.807 -179.928  179.926  0.00891551 -0.00210594  -0.0249276 0.00394206 0.00422478 -0.0382723
   368.699 179.776 180.004 179.973  0.00915708 -0.00484874  -0.0212177  0.00121386 -0.00716407 -0.00872802
   368.799  179.813 -179.952  179.854 0.00345005 0.00109582 -0.0135804 -0.0149729  0.0193576  0.0253453
     368.9 179.779 180.011  180.01 0.00608147 -0.0123734 -0.0126241 -0.00641485  -0.0353257   0.0201813
       369  179.789 -179.962  179.861   0.00607652 -5.18362e-05   -0.0176298 -0.00758913   0.0228729 -0.00886214
     369.1 179.779  179.98 179.922 0.00405783 0.00273263 -0.0156756 -0.0147613  0.0288786 0.00314819
   369.199 179.725 179.972 179.901 0.00596223 0.00119346 -0.0171466 -0.00801424    0.012087 -0.00436697
   369.299 179.663 179.907 179.944 0.00741986 0.00160852 -0.0216254 -0.00547278   0.0102308   -0.019373
     369.4 179.701 179.976 179.902  0.00515357 0.000938013  -0.0136743 -0.0113144  0.0041765  0.0201532
     369.5 179.686 179.995 179.898   0.00413929 -0.000403817   -0.0147612 -0.0129842 -0.0023805 0.00770582
     369.6  179.687 -179.993  179.907  0.00759204 0.000522805  -0.0143266 -0.00272598  0.00208632  0.00753857
   369.699 179.679  179.89 179.929 0.00663458 0.00644679 -0.0156023 -0.00713027   0.0251066 3.69448e-05
   369.799 179.674 180.002 179.909   0.00233566 -0.000761496   -0.0109324 -0.0187586  -0.011145  0.0176543
     369.9 179.667 179.959 179.922 0.00436339 0.00107569 -0.0194012 -0.0112691 0.00205749 -0.0227938
       370 179.658 180.004 179.902  0.00928151 -0.00296598  -0.0241375 0.00105453 -0.0131783 -0.0306225
     370.1  179.69 179.966 179.937  0.00781339 -0.00287431  -0.0204118 -0.00657462 -0.00665158 -0.00272163
   370.199 179.691 180.012  179.92  0.00464414 -0.00782072  -0.0196077 -0.0158442 -0.0232154 0.00193438
   370.299 179.634 179.935 179.943  0.00778263 -0.00170874  -0.0205555 -0.00601839  0.00810566 -0.00218286
     370.4 179.694 179.985 179.913 -0.00101723  -0.0066657  -0.0117373 -0.0271565 -0.0147927  0.0323995
     370.5 179.684 179.926 179.921 0.000106335  0.00320542  -0.0128251 -0.0199515  0.0279748  0.0151204
     370.6 179.661 179.995 179.819 0.00858974  0.0131803 -0.0206636  0.0047261  0.0533763 -0.0198468
   370.699 179.644  179.94 179.901  0.0121713 0.00600258 -0.0257876 0.00967501 0.00759671 -0.0310903
   370.799 179.652 179.934  179.91  0.00549655 -0.00464152  -0.0186787 -0.0137389 -0.0346412  0.0101286
     370.9 178.938 179.849 179.865  0.00714725 -0.00787036   -0.020376  -0.027286 -0.0381735  0.0166598
       371 175.689 178.716 178.976  0.00508881 -0.00248464  -0.0162494 -0.0167873  0.0087874  0.0598934
     371.1 174.434 178.826 179.418 0.00707409 0.00249846 0.00294158 -0.00147936   0.0287849    0.168053
   371.199 171.361 177.873 179.732   0.0150514 9.11177e-05   0.0276141 0.0233166 0.0115184  0.256762
   371.299 167.238 177.872 179.868   0.0183413 -0.00342274   0.0588495 0.00526461 -0.0199188   0.306158
     371.4 163.552 177.322  178.54    0.011481 -0.00664783   0.0926744 -0.0449999 -0.0449129   0.316323
     371.5 160.666 176.297 175.788 0.000323954   0.0033465    0.143609 -0.0856063 -0.0119688   0.373741
     371.6 160.144 175.829 172.519  -0.0123833 -0.00585792    0.167731   -0.11737 -0.0649262   0.245066
   371.699 162.534 175.952 168.323 -0.0127319 -0.0228063    0.14948  -0.0771348   -0.100459 -0.00501149
   371.799 165.929 175.754 165.533 -0.00145326   -0.021172    0.126568 0.00419737 -0.0138675  -0.133158
     371.9 168.749 175.089 164.683 -0.00149609  -0.0194215    0.121888  0.0623182  0.0535265 -0.0757415
       372  170.22 174.478 167.193 -0.00392388 -0.00196855    0.134516 0.0954537   0.14397 0.0486216
     372.1 171.145 174.484 172.556 -0.00337591  0.00333699    0.161119 0.0959453  0.147184  0.164039
   372.199 171.278 174.977 178.298 0.00664828  0.0193141   0.164569 0.117395  0.17434 0.128528
   372.299   171.03  175.544 -174.961 0.0105635  0.025911  0.169095 0.0908404  0.146936 0.0865848
     372.4   171.96   176.03 -166.536  0.020888 0.0464746  0.168661 0.0679335  0.166175 0.0392589
     372.5  172.379  175.398 -158.641 0.0465195 0.0586983  0.166105 0.0951777 0.0889707 0.0216512
     372.6  168.191  174.196 -153.011 0.0463077 0.0932138  0.173072 0.0265983 0.0988058 0.0926492
   372.699  161.536  175.508 -150.615 0.0387628  0.101629  0.186848 -0.0576609 0.00747696   0.129121
   372.799  154.729  177.038 -151.622 0.0328057 0.0495125  0.212019 -0.124543 -0.276397  0.163688
     372.9  151.435  178.771 -159.142 0.00334954  0.0244423   0.275603 -0.282568 -0.360905  0.241339
       373  152.233 -179.021 -169.051 -0.00288959  0.00160564    0.240435 -0.255688 -0.309206  -0.11593
     373.1  155.128 -178.416 -179.857 -0.0212098 -0.0261732   0.238096  -0.22897 -0.233268 -0.149859
   373.199 160.325 179.365 173.417 -0.0383009 -0.0320198   0.228266  -0.102249 -0.0259474   -0.16035
   373.299  165.32 176.582 173.278  -0.0417053 -0.00486557    0.231275  0.0328168   0.202056 -0.0776485
     373.4 170.049 174.163 177.052 -0.0237169 0.00588275   0.201323  0.169728  0.231907 -0.157454
     373.5   173.89  172.903 -177.565 0.00353667  0.0348654    0.17138  0.228225  0.277915 -0.160656
     373.6  176.078  172.723 -171.089 0.0155678 0.0639211  0.165048   0.193594   0.300497 -0.0735954
   373.699  178.257  173.345 -162.579 0.0307109 0.0775333  0.156775   0.160971   0.219791 -0.0349212
   373.799  179.665  174.171 -153.123 0.0343121 0.0967497  0.172611 0.0951234   0.17511 0.0733078
     373.9 179.405 174.085 -142.46 0.0449992  0.110768  0.158759 0.0627379  0.145391  0.002228
       374  175.996   169.58 -131.786 0.0460402  0.127418  0.174041 -0.0298276    0.10513   0.162994
     374.1  168.55 163.677 -124.84 0.0772345  0.129012  0.280124 0.00142026 -0.0722354   0.606184
   374.199  159.519  162.391 -124.485  0.132062 0.0988468  0.294406  0.151328 -0.349197  0.358996
   374.299  155.355  162.284 -133.076 0.0730169 0.0784913  0.395877 -0.147666 -0.530701  0.461869
     374.4  151.086  163.344 -146.384 0.0638515 0.0656518  0.325385 -0.136833 -0.437622  -0.17402
     374.5  148.815  165.553 -159.318 0.0139882 0.0718973  0.256221 -0.284327 -0.206379 -0.426533
     374.6  150.301  168.249 -168.831 -0.0418629  0.0603746    0.21559  -0.336083 -0.0715737  -0.407436
     374.7  154.894  170.443 -173.839 -0.0561112  0.0211574   0.203802 -0.216317 -0.100918 -0.306866
   374.799  160.635   171.25 -174.332 -0.0614862  0.0180773   0.198111 -0.119411 0.0519754 -0.214674
     374.9  166.668  171.893 -170.787 -0.0366293  0.0610414   0.164989 0.0341849  0.304481 -0.248976
       375  172.155   172.81 -164.461 -0.0367527   0.082798   0.161347  0.0510951   0.354966 -0.0924509
     375.1  176.139  173.934 -155.855 -0.020182  0.102814  0.147164  0.110742  0.328231 -0.048371
   375.199  177.958  174.978 -147.304 -0.0119096   0.147974   0.134541  0.0881555   0.336039 -0.0472703
   375.299  178.389  176.128 -138.678 -0.00649554    0.180711    0.111479  0.0456607   0.273612 -0.0830317
     375.4  177.439  175.378 -131.144 0.00466836   0.192827   0.165188 0.0375669 0.0950226  0.219696
     375.5 173.811 171.765  -124.2 0.022676 0.196813 0.202639  0.0334102 -0.0562678   0.317855
     375.6  168.366  166.995 -122.593 0.00448597   0.199716   0.254158 -0.0846917  -0.194274   0.409629
   375.699 163.726 164.667 -129.43 -0.00631513    0.202185    0.309729 -0.110225 -0.322002  0.434042
   375.799   158.24  166.751 -137.962 0.0058929   0.15406  0.301775 -0.0480383  -0.463202   0.175489
     375.9  154.261  170.547 -146.353 -7.48187e-05     0.129154     0.272295 -0.0944984  -0.403752 -0.0523404
       376  151.043  174.874 -154.979 -0.0196029   0.104434   0.234205 -0.169605 -0.319551 -0.175528
     376.1  149.843  178.969 -163.849 -0.0776393  0.0929415   0.242197  -0.37878 -0.222702 -0.087771
   376.199  151.371 -176.868 -172.701 -0.109829 0.0473342  0.288091 -0.426981  -0.32049 0.0982062
   376.299  152.332 -173.317  177.718 -0.139797 0.0353171  0.286385 -0.398344 -0.200346 0.0145747
     376.4  153.683 -171.258  169.009 -0.161174  0.012649  0.284733   -0.33601  -0.164189 -0.0560583
   376.499  155.413 -171.024  159.994   -0.180432 -0.00253605    0.279024  -0.304586  -0.119348 -0.0949444
   376.599  157.434 -169.265  152.875 -0.243549 -0.131247  0.338816 -0.456102 -0.511837  0.207579
     376.7  159.715 -168.074  145.304 -0.287274 -0.201259  0.365738 -0.404031 -0.516481  0.234334
     376.8  162.514 -166.892  139.086 -0.284156 -0.169561  0.344445 -0.130711 -0.152065 0.0651315
     376.9  164.364 -165.842  134.376 -0.258447 -0.145315  0.312969  0.116548 0.0580759 -0.109587
   376.999  165.778 -165.706  129.543 -0.206142 -0.109379  0.273404  0.341064  0.204782 -0.250658
   377.099  167.891 -165.922  123.812  -0.174712 -0.0663261   0.273661  0.353355   0.32141 -0.137291
     377.2  169.634 -166.065  118.155  -0.216428 -0.0604207   0.328245 0.0714663  0.254964  0.147692
     377.3  171.337 -165.801  112.787  -0.239424 -0.0900525   0.271752 -0.0286448  0.0572712  -0.151823
     377.4  174.513 -166.148  105.985  -0.254078 -0.0899012    0.29285 -0.0776756  0.0839187   0.036392
   377.499 177.928 -167.48 99.4771 -0.244456 -0.058625  0.301416 -0.00114426    0.204014   0.0341188
   377.599  179.984 -169.112  92.9811  -0.264046 -0.0629676   0.299318 -0.0765976   0.151658 -0.0262984
     377.7 0.404413 -9.64594 -92.6287   -0.28432 -0.0480657   0.300729  -0.112966   0.184513 -0.0228366
     377.8 0.241324 -9.00881 -97.6948  -0.316947 -0.0579102   0.284863 -0.180931  0.161704 -0.097179
     377.9  179.712 -171.204  77.1267  -0.325017 -0.0359192   0.271808 -0.0898615   0.213113  -0.104314
   377.999  179.541 -170.915  72.6607  -0.311353 -0.0404714   0.262724  0.0404583   0.148049 -0.0687512
   378.099 0.204763 -10.0325 -111.225 -0.322708 -0.037575  0.265265  0.0474979   0.148634 -0.0164026
     378.2  1.19335  -10.826 -115.639  -0.332242 -0.0183021   0.279817 0.0546567  0.189012  0.070598
     378.3  2.34775 -10.7441 -119.432   -0.307336 -0.00164419    0.298866  0.19351 0.213227  0.11486
     378.4  3.18731 -10.4169 -123.906 -0.304458 0.0150665  0.298492  0.198522  0.199032 0.0459999
   378.499  3.77546 -9.98622 -128.273 -0.293405 0.0294787  0.302181  0.244624  0.172385 0.0349003
   378.599  4.62942 -9.28993 -132.195  -0.29922 0.0491449  0.301445  0.200681  0.182571 0.0247794
     378.7  5.62378 -8.24593 -135.788 -0.282802 0.0541975  0.291704    0.246039    0.105968 -0.00678283
     378.8   7.0477 -7.64332  -138.79 -0.242143 0.0456675  0.312222  0.375727 0.0434223 0.0581571
     378.9   7.4219 -7.02667 -140.305 -0.226839 0.0515239  0.323729  0.320978 0.0787411 0.0871924
   378.999  9.42256 -7.86625 -142.786 -0.212377 0.0606065   0.33055  0.247441  0.138368 0.0584542
   379.099  11.7294 -9.52049 -145.318 -0.216132 0.0846473  0.328254  0.168474  0.210968 0.0143459
     379.2  15.7965 -11.7853 -147.615 -0.203791 0.0983141  0.355618 0.224107 0.203081 0.123672
     379.3  19.2108 -13.5825 -149.349 -0.192072  0.109865   0.34976  0.184464  0.141047 0.0303199
     379.4  21.4703 -14.9341 -150.133 -0.171803  0.106224  0.346222   0.211729  0.0384699 -0.0115726
   379.499   23.656 -15.9536 -149.171 -0.165869 0.0910124  0.344247     0.18805  -0.0902359 0.000342547
   379.599  27.6831 -18.7777 -147.782 -0.151503 0.0901365  0.345009   0.193261 -0.0845223  0.0129522
     379.7  30.5358 -20.2859 -146.731 -0.153389 0.0892837  0.355057   0.102726 -0.0867669  0.0463008
     379.8  33.8337 -21.4566 -144.609 -0.152191 0.0812743  0.357741   0.110375 -0.0478449   0.057336
     379.9  38.2553 -24.0424 -142.736 -0.144106 0.0687346  0.360006   0.135578 -0.0397507  0.0129995
       380  42.1563 -31.3684 -140.499  -0.15601 0.0749765  0.345847  0.0548489 -0.0441845 -0.0935474
   380.099  44.2816 -36.3227 -138.914 -0.176436 0.0652332   0.34289 -0.0012608 -0.0385942 -0.0878989
     380.2  45.2627 -39.5049 -136.953 -0.156171 0.0650575  0.362493     0.131582 -0.000957858    0.0264508
     380.3  46.8215 -44.6005 -133.669 -0.162599 0.0609724  0.368513   0.104028 -0.0196404  0.0390951
     380.4  48.7429 -48.8641 -129.388  -0.15078 0.0380533  0.368474   0.153378 -0.0817799  0.0216576
     380.5  51.1126 -52.4558 -124.282  -0.172938 0.00399122   0.355809  0.0206442  -0.177649 -0.0374744
   380.599  51.4366 -57.7275 -117.182  -0.195749 -0.0163055   0.349044 -0.0831458  -0.161304 -0.0762523
     380.7  45.2132   -63.67 -105.286   -0.218887 -0.00457746    0.359028 -0.117059 -0.013903 0.0108244
   380.799   33.471 -69.5573 -86.9676 -0.171024 0.0168591  0.373568 0.202616 0.165201 0.038573
   380.899  8.60827 -73.3049 -54.6883    -0.150825 -0.000561785     0.383906  0.267399  0.129433 0.0222244
       381  161.478 -108.043  160.352  -0.149135 -0.0543158   0.386836   0.198524 -0.0844343 -0.0248691
     381.1  147.418 -112.194   -177.8     -0.1276 -0.00508141    0.395832   0.209496   0.206264 0.00603362
     381.2  138.715 -117.058 -161.412 -0.0682039  0.0743993    0.36173  0.315887  0.470971 -0.138685
   381.299  136.911 -123.178 -151.611 -0.0313431   0.108102   0.335404  0.303686  0.392516 -0.194243
   381.399  139.019 -130.983 -145.491 -0.0104279   0.103845   0.320514  0.241946  0.205394 -0.160571
     381.5  142.127 -138.648 -142.249 0.00976557  0.0877742   0.307371  0.183419 0.0488318 -0.158071
     381.6  146.505  -144.87 -141.058 0.00822058  0.0973983   0.302894 0.0842374  0.104737 -0.114114
     381.7  150.526 -147.676 -138.598 0.0115853  0.118448   0.28555 0.0148902  0.162667 -0.106414
   381.799  154.983 -152.168 -135.954 0.0231008  0.117704  0.289662  0.0208832   0.102721 -0.0241719
   381.899  160.128 -157.086 -132.108 0.0224309  0.133218  0.310961 0.0208391  0.134058 0.0673864
       382  162.652 -160.387 -126.092 0.0138298  0.160392  0.305152 -0.0305856   0.205945  0.0360048
     382.1  163.849 -165.729 -118.992 0.00960178   0.186519   0.300393  -0.0284188    0.181842 -0.00375197
     382.2  164.212 -169.508 -114.256 0.00929278   0.230475   0.254794 -0.0362915   0.182833  -0.135002
   382.299  161.042 -179.017  -112.01 0.0412378  0.202956  0.266359  0.0879842 -0.0797409  0.0568642
   382.399  152.617  169.993 -113.962  0.05612 0.181875 0.308297 0.0995168  -0.30401  0.229393
     382.5  145.105  164.391 -121.963 -0.0485465   0.220422   0.348653 -0.405938 -0.239942  0.237365
     382.6  138.284  163.277 -132.841 -0.0796191   0.205603   0.342437 -0.379378 -0.346687  0.078766
     382.7  134.492  166.386 -144.579 -0.00808064    0.140586    0.313774  0.030914 -0.523181 -0.116597
   382.799 132.202 174.244 -155.26 0.0314371 0.0790169  0.296318  0.110943 -0.545032 -0.139142
   382.899  131.388 -176.515 -164.234 -0.0121922  0.0456173   0.305346  -0.139971  -0.405616 -0.0446214
       383    132.2 -168.379 -171.666 -0.100195 0.0463647  0.318925 -0.439795 -0.165355  0.067376
     383.1  135.964  -162.22 -178.593 -0.115943 0.0241303  0.318701   -0.34541  -0.126573 0.00876446
     383.2  140.522 -157.753  174.551   -0.112172 -0.00721804    0.315355  -0.200986  -0.129271 -0.0257244
   383.299 143.144 -153.86 169.546  -0.138493 -0.0558639   0.332012 -0.204302 -0.164598 0.0625952
   383.399  142.276 -151.331  167.218 -0.165153 -0.072349  0.351917 -0.20168 -0.12884 0.107718
     383.5  143.838 -149.467  162.837  -0.168421 -0.0607626   0.343992 -0.101646 -0.038225 0.0200564
     383.6 148.583 -148.21 155.926  -0.189399 -0.0758009   0.348779 -0.0999329 -0.0775333  0.0284994
     383.7  155.223 -148.173  148.997   -0.19311 -0.0647442   0.348553 -0.000164415    0.0087417    0.0144691
   383.799  161.328 -150.114  145.859  -0.165971 -0.0210929   0.340913  0.176293  0.219568 -0.010414
   383.899  166.472 -153.135  145.456  -0.155619 -0.0245738   0.319111  0.205331  0.108014 -0.107761
       384   173.63 -156.476  142.507  -0.153523 -0.0250264   0.313575   0.146452  0.0750748 -0.0959657
     384.1  178.127 -158.968  140.455  -0.173402 -0.0476464   0.310211  0.0256494 -0.0263061 -0.0469254
     384.2  1.88534 -19.9296 -41.3266  -0.169511 -0.0485323   0.301012  0.0609045 0.00559874 -0.0425871
   384.299  5.94112 -20.5778 -41.7313  -0.164602 -0.0417312   0.299615   0.133906    0.10128 -0.0262655
   384.399  8.13146 -22.1786 -37.3392  -0.151523 -0.0217888   0.289645   0.225087   0.203793 -0.0692214
     384.5  8.38495 -24.4493 -30.8271  -0.132249 0.00374437   0.282819   0.238763   0.245716 -0.0648742
     384.6  6.86814 -26.6595 -25.7232  -0.10561 0.0304938  0.264899   0.167463   0.224864 -0.0833766
     384.7  6.89608 -27.1512 -30.4182 -0.114285 0.0409732  0.272442  -0.0428955   0.0310173 -0.00803361
   384.799  8.78759 -25.9686 -40.9099 -0.144691 0.0134232  0.293299 -0.238704  -0.12805   0.10168
     384.9  9.09875 -24.6664 -49.7103  -0.159093 -0.0209021   0.285689 -0.265834 -0.180592 0.0331629
   384.999  9.04618 -22.9147 -58.3317 -0.185239 -0.045287  0.285644  -0.274775  -0.147267 0.00324399
   385.099  9.24743  -21.127 -66.0064  -0.197629 -0.0392794    0.32308 -0.177083  0.036452  0.121965
     385.2  9.52731 -19.2974 -73.1237 -0.191568 -0.021084    0.3482 -0.0403374   0.189215   0.141319
     385.3  9.54233 -17.2745 -79.8572   -0.21307 -0.0115725   0.328867  -0.0464295    0.201885 -0.00841299
     385.4  9.37467 -16.2223 -86.1617   -0.221703 -0.00278773    0.315429 0.00154081   0.232357 -0.0620146
   385.499  9.55103  -15.536 -92.9605  -0.236096 0.00685843   0.316919  -0.024529   0.263619 -0.0451035
   385.599  9.65581 -15.0195   -99.98 -0.256644 0.0170577   0.31329 -0.0521766   0.235634 -0.0486871
     385.7  9.94073 -14.5059  -107.94 -0.265499 0.0268041  0.306397 -0.0228662   0.201721  -0.078597
     385.8  9.61408 -13.2085 -116.069 -0.197886 0.0138563  0.311513   0.325274  0.0985966 -0.0327861
     385.9  9.35763 -11.9147 -123.847   -0.13734 0.00191478   0.296347   0.534538   0.024671 -0.0753389
       386  10.5779 -10.9482 -130.433 -0.141409 0.0218994  0.300654    0.408236   0.0916003 -0.00395592
   386.099  12.8816 -9.62891 -136.835 -0.134078  0.032958  0.315092  0.341184  0.128593 0.0706664
     386.2  15.8112  -7.7831 -144.389 -0.123117 0.0440097  0.319918  0.289333  0.160064 0.0429412
     386.3  18.4711 -5.68328 -151.305 -0.120393  0.063491  0.317587  0.242102  0.215377 0.0206928
     386.4  21.1405 -3.59584 -158.664 -0.109902 0.0735922  0.315171   0.257439   0.182397 -0.0141387
     386.5  22.7571 -1.50606 -165.673 -0.0895256  0.0846062   0.333805  0.286901  0.139502 0.0281136
   386.599    23.3542 -0.0415069   -171.771 -0.078045 0.0584253  0.346049    0.24833 -0.0306704  0.0392733
     386.7    23.32  1.58739 -177.373 -0.0572672   0.062435   0.313941   0.203717 -0.0224177 -0.0796648
     386.8 23.2557  2.7073 177.425 -0.0566342  0.0679716   0.294327   0.127242 0.00198429   -0.13013
     386.9 22.4736 4.43495 173.101 -0.0566633   0.125439   0.312881  0.0963838   0.194648 -0.0316242
   386.999 21.1274  5.1564 167.587 -0.0522921   0.111669   0.332859  0.104826 0.0639327 0.0265569
   387.099 19.4664 6.92563 163.927 -0.015227  0.148043  0.397443  0.175834 0.0828612  0.208115
     387.2 17.9246  9.3196 161.562 0.0124271  0.181067  0.447327 0.142994 0.025832 0.249728
     387.3 17.1674 9.31935 158.147 -0.0107076   0.159475   0.413743 0.0107415 -0.147214 0.0444185
     387.4 18.6762 13.1417 154.672 -0.0120968   0.164397   0.446291 -0.0315282  -0.210587   0.140538
   387.499 18.1224 14.8047 150.217 -0.0169145   0.150066   0.435796 -0.00262093   -0.307489   0.0481011
   387.599 16.5976 18.5575  145.23 -0.00948176     0.14042    0.431203 -0.00627498    -0.42724  -0.0364884
     387.7 15.6281 21.3526  140.96 -0.00203238     0.09754    0.441884 -0.0215472  -0.656242  0.0219624
     387.8 15.8404 22.7006 138.386 0.0945436  0.267025  0.457129    0.304038  -0.0346947 -0.00995979
     387.9  13.973 23.3698 132.912 0.167296 0.332407  0.45097   0.322454  0.0615996 -0.0890169
       388 10.5116   21.43 127.548 0.177694 0.362341 0.373313   0.142166 -0.0016413  -0.374708
   388.099 6.50111   17.93 122.044  0.10236 0.295273 0.398105 -0.249225    -0.409 -0.200228
     388.2 3.63941 13.0798 119.047 0.0874471  0.226765  0.418717  -0.276455  -0.672853 -0.0704239
     388.3  1.7157 9.18184  114.84 0.0343184  0.192509  0.492445 -0.359037 -0.752259  0.182744
     388.4 0.322184  5.47303  110.645 0.0331801  0.200434  0.487027 -0.215565 -0.665604 0.0820264
     388.5  179.538  177.135 -74.7353 0.0734925  0.220596  0.438335 0.0099382 -0.568529 -0.150885
   388.599  179.351  176.769 -77.7479 0.0886926  0.212832  0.438243 0.00298529  -0.605094 -0.0736384
     388.7 0.970435  6.73846   102.73 0.0508172   0.19426    0.4434  -0.196964  -0.676096 -0.0193217
     388.8 3.18636 12.1456  106.08 0.0418305  0.188095  0.465195 -0.201397 -0.664323 0.0644573
     388.9 6.26211 18.0371 110.721 0.0577558  0.197119  0.465108 -0.103513  -0.64162 0.0292723
       389 10.6984 24.3262 117.256 0.095249 0.197767 0.480002 0.0236191 -0.627133 0.0415215
   389.099  15.542 27.7049 126.612 0.117661 0.199968 0.481377    0.0251448    -0.574653 -0.000397428
     389.2 19.3677 27.5614 137.724  0.11738 0.206331 0.404983 -0.0570318   -0.45772  -0.379805
     389.3 11.5914 20.9453 135.304 0.159681 0.257677 0.367447  0.146711 -0.246652 -0.539697
     389.4 5.92978  14.252  128.46 0.161411 0.275463 0.384005  0.113247   -0.2608 -0.313588
     389.5 4.49292 11.7193 126.747 0.112053  0.25523 0.405328 -0.120026 -0.478562 -0.117718
   389.599 0.883994  8.23954  123.821 0.0748557   0.22053  0.481703 -0.250434 -0.641997  0.143316
     389.7  179.034  175.595 -57.1752 0.0520313  0.203579   0.50762 -0.271651 -0.662275  0.195159
   389.799 1.21476 5.92804  126.83 0.0505923  0.206277  0.494708 -0.240526 -0.616772 0.0837289
   389.899 5.25803  9.4608 134.499 0.0480331  0.206761  0.486981 -0.208203  -0.62395 0.0329953
       390 8.58423 11.4518 141.815 0.0634843  0.228715  0.469411   -0.10062  -0.506532 -0.0621456
     390.1 12.1438 14.4016 149.857 0.0514415  0.237687  0.419439 -0.144271 -0.481522  -0.25211
     390.2 15.9971 15.9033 159.173 0.036634 0.221846 0.409899 -0.202965  -0.57057 -0.230395
   390.299 21.9012 13.6641 171.036 0.0105195  0.173215  0.453874  -0.241133  -0.717481 -0.0221074
     390.4  25.8119  11.8825 -175.818 -0.00758556    0.147139    0.470335   -0.27983  -0.736479 0.00712201
     390.5  28.2534  7.96368 -163.891 -0.0283186   0.112904   0.498132 -0.249231 -0.732323 0.0891387
   390.599   35.894 -5.22501 -159.288 -0.0831263  0.0269133   0.315236 -0.260437 -0.728132 -0.432183
     390.7  36.4717  -8.9694 -150.366 -0.101571 0.0120648  0.293351 -0.146691  -0.52037 -0.380542
   390.799  35.9574 -11.4253 -139.557 -0.0986399  0.0341651    0.30283 -0.0301875  -0.216764  -0.210133
   390.899  35.0714 -13.2719 -132.113 -0.090091 0.0383052  0.312663  0.0633373 -0.0756168  -0.106076
       391  33.1536 -13.7743  -127.47 -0.0862761   0.035182   0.319977  0.0988749  -0.035624 -0.0508081
     391.1  30.7275 -13.4617 -121.383 -0.0974596  0.0337417   0.326631  0.0653092 -0.0140109 -0.0233633
     391.2  29.7667 -14.1048 -111.654 -0.124069 0.0286767  0.316928 0.00237268 -0.0179082 -0.0802962
   391.299  29.4921 -16.2819 -99.7927 -0.128559 0.0131473  0.303473  0.0550297 -0.0525652  -0.108001
   391.399  27.4777 -20.4329 -86.6856 -0.204974 0.0365529  0.317962   -0.22453  0.0868784 -0.0184546
     391.5  24.1307 -22.4243 -75.4456 -0.180674 0.0408897  0.342006 -0.0725817  0.0897449   0.118477
     391.6  18.5124 -23.3852  -66.541 -0.126786  0.025074  0.306923   0.124663   0.037774 -0.0555133
     391.7  11.7543 -23.1844  -57.687  -0.139121 -0.0115666   0.298414 -0.00205163   -0.112372   -0.071156
   391.799  6.90208 -21.3717 -50.4318  -0.170641 -0.0640855   0.293608 -0.0937203  -0.207853 -0.0746167
     391.9  2.06898   -18.84 -39.8325  -0.177626 -0.0708464   0.327503 -0.0176526 -0.0553792  0.0567775
       392  177.934 -165.512  150.733  -0.158979 -0.0795808   0.294483   0.0867022 -0.00797888    -0.12373
   392.099  175.156 -170.901   159.76  -0.134374 -0.0598879   0.269061  0.163896  0.135765 -0.173655
     392.2  173.116 -174.595  167.644   -0.11631 -0.0366677   0.259623    0.16323   0.255644 -0.0925496
     392.3  171.847 -176.737  176.097  -0.109068 0.00761712   0.256946   0.121078   0.358506 -0.0440938
     392.4  172.049 -177.511 -177.394 -0.103048 0.0413803  0.261095   0.102433   0.321657 0.00317336
     392.5  173.164 -178.079 -171.911 -0.106906 0.0460194  0.272216 0.0341257  0.192944 0.0279217
   392.599  174.998  -178.79 -167.027 -0.0937378  0.0517181   0.259445  0.0509072   0.121876 -0.0642602
     392.7  176.633 -179.467 -161.902 -0.0913921  0.0676404   0.242386 0.0148603  0.136962 -0.091412
   392.799  177.253  178.863 -157.058 -0.096303 0.0793097   0.24516 -0.000404979     0.155304   -0.0537734
   392.899  179.415  177.867 -151.427 -0.104608  0.095921  0.248904  -0.0249212    0.187186 -0.00907752
       393  179.999  176.195 -144.675 -0.103992  0.115613  0.242037  -0.0273628    0.165031 -0.00123433
     393.1  174.414  172.183 -141.253 -0.115791  0.133329  0.253395 -0.0827543  0.0355143   0.127596
     393.2  163.077   167.03 -147.451 -0.101037  0.116788  0.274362 0.00134928  -0.192207   0.166572
   393.299 152.103 168.587 -159.48 -0.107718 0.0846672  0.283899 0.00865357  -0.305396   0.106263
   393.399  151.296  175.975 -170.772 -0.135159 0.0797559   0.30079 -0.0966451  -0.233638  0.0706575
     393.5 155.452  -178.2 177.986 -0.126402 0.0195132  0.305288  -0.038152  -0.403851 -0.0324526
     393.6  167.493 -176.105  166.535  -0.103754 -0.0110851   0.273712 0.0264522 -0.339498  -0.24938
     393.7  179.496 -177.524  157.438  -0.104386 -0.0269645   0.232006 0.0068733 -0.180653 -0.286425
   393.799  5.53805  1.64432 -24.4745 -0.0974985 -0.0453208   0.183419  0.0589698 -0.0644944  -0.290362
   393.899  9.41252  4.57455 -19.2689 -0.0956981 -0.0267309   0.199944   0.124206   0.104292 -0.0482558
       394 12.0343 5.21782 -13.243  -0.103501 -0.0240925   0.184375  0.0926775  0.0954239 -0.0633165
     394.1  10.7768  4.19506 -4.74979 -0.0982084  0.0139101   0.169014  0.0746883   0.232834 -0.0623744
     394.2 6.07812 3.70692 6.49339 -0.102278 0.0673318  0.182308 0.0201233  0.337628 0.0333951
   394.299  176.422  178.281 -165.414 -0.109657 0.0838579  0.212559 -0.0468485   0.193925   0.168383
     394.4  164.401  176.801 -163.282 -0.120085 0.0812188  0.254669 -0.0917285   0.010617   0.273971
     394.5  153.104  174.904 -165.376 -0.110778  0.057677  0.270047 -0.0603378  -0.159706   0.207203
   394.599  143.381  177.861 -170.365 -0.115471 0.0456391   0.29236 -0.0866624  -0.204754   0.166492
     394.7  138.324 -175.767 -179.094 -0.117134  0.037638  0.288074 -0.0843466  -0.193138  0.0213037
     394.8  141.544 -170.382    171.9  -0.140094 0.00333106   0.306771 -0.138056 -0.280885  0.047059
     394.9  154.386 -168.882  158.541  -0.146707 -0.0476052   0.305973  -0.114178  -0.378273 -0.0513993
       395 169.922 -174.63 149.234 -0.155471 -0.115121   0.27984 -0.0642457  -0.396565  -0.148195
   395.099 177.382 179.206 154.086  -0.136473 -0.0591388   0.263625   0.204544    0.16657 -0.0732001
     395.2 0.904665  3.17825  -13.803  -0.105048 -0.0010149   0.271984  0.366981  0.411483 0.0324089
     395.3  2.46751  2.98834 -1.70823 -0.0997399 0.00298746   0.187602   0.28844  0.249419 -0.331731
     395.4 3.15745 3.91325 8.60633 -0.0852299  0.0724665   0.170088   0.2221 0.347866 -0.27827
     395.5 3.72216 6.11996 16.4422 -0.0763562  0.0828339   0.196952   0.154727   0.190162 -0.0770921
   395.599 5.67941 7.84739 22.9512 -0.0699302  0.0813465   0.202033   0.0761036    0.077026 -0.00449129
     395.7 7.63301 9.21072 30.4905 -0.0740118   0.100283   0.183801 -0.0218605  0.0944508 -0.0236049
     395.8 7.07393 10.6143 38.0238 -0.0805011   0.104821   0.204172 -0.0581184  0.0511976   0.123373
     395.9 2.11229 14.3883 41.8583 -0.0892798   0.112491   0.227854 -0.104152 0.0274027  0.205424
       396 173.422 162.923 -139.25 -0.0679578   0.106817   0.247762  0.034703 -0.011201  0.176833
   396.099  173.205  165.345 -135.245 -0.0625417   0.112909   0.243891 0.0526455  0.067976  0.041319
     396.2  177.447  165.918 -127.395 -0.0809984   0.151419   0.232676 -0.00148129    0.170625  -0.0716907
     396.3  179.527  166.173 -121.139 -0.0807197   0.154997   0.251757  0.025357 0.0726688 0.0802003
     396.4  176.403  162.377 -117.912 -0.095503  0.165989  0.282905 -0.0150339  0.0326659   0.224103
     396.5  169.564  156.631 -119.343 -0.0707124    0.14602    0.29169  0.116482 -0.159463  0.127466
   396.599   166.87  153.945 -122.893 -0.0811607   0.156399   0.272013  0.0637991 -0.0284484 -0.0670697
     396.7  172.863  158.996 -118.287 -0.0891426   0.160044   0.268087 -0.00467731   0.0378377  -0.0808715
   396.799   179.03  165.695 -114.049 -0.0817198   0.169136   0.274385   0.0500032 -0.00680287 -0.00803128
   396.899   177.99  166.072 -115.448 -0.0758746   0.162271   0.284327 0.00740265 -0.0892022   0.150865
       397  164.302  160.999 -123.544 -0.086175  0.154068  0.299304 -0.063216 -0.137994  0.257019
     397.1 153.475 162.763 -136.71 -0.0809171   0.140551   0.319047 -0.0298228  -0.190252   0.217207
     397.2  147.269  171.655 -147.922 -0.0648557   0.130808    0.30874 -0.028424 -0.149115 0.0212918
   397.299  146.685 -177.083 -158.105 -0.09867 0.132413  0.29877 -0.186455 -0.049037 -0.105758
   397.399  152.253 -167.744 -171.294 -0.155033  0.147233  0.280602   -0.350601 -0.00409224   -0.246571
     397.5  160.414 -162.241  172.238 -0.174181  0.107489  0.274733 -0.351545 -0.191103 -0.195615
     397.6  166.287 -161.098  157.065 -0.189526 0.0880978  0.244651 -0.275507 -0.156271 -0.184576
     397.7 170.919 -160.71 144.195 -0.204162 0.0629336  0.247076  -0.178832   -0.15945 -0.0555426
   397.799  173.353 -158.189  132.673 -0.215337 0.0302948  0.264045 -0.147637 -0.125292 0.0785705
   397.899  171.204 -153.038  124.786 -0.233606 0.0298471  0.275892 -0.0970351 -0.0186306   0.119445
       398   172.43 -149.648  116.425 -0.215727 0.0492628   0.26768 0.0772554  0.070394 0.0485034
     398.1  177.134 -146.479  106.136 -0.210283 0.0748909  0.283108  0.108978  0.152689 0.0893529
     398.2  2.35799  -36.412 -84.0995 -0.204496 0.0851437  0.272562   0.163658   0.140613 0.00587566
   398.299   8.1898 -38.2788 -91.7513 -0.173596 0.0774052  0.263303   0.292792  0.0350589 -0.0525264
   398.399  14.6677 -38.5151 -97.2295  -0.16479 0.0645329  0.242528  0.216083 -0.096991 -0.103972
     398.5  18.7491 -37.6944 -99.3726  -0.16824 0.0580893  0.248277   0.140066   -0.11012 0.00778035
     398.6  22.3632 -39.9057  -99.141 -0.149092 0.0447218  0.261033  0.194009 -0.110587  0.108461
     398.7  24.9885 -45.2883 -95.8846 -0.136414 0.0391802  0.266857   0.170442 -0.0717904  0.0808228
   398.799  25.4251 -50.2303 -92.0109 -0.134956 0.0287417  0.273118  0.0900229 -0.0573107  0.0471373
   398.899  23.5865 -53.9628 -87.7467 -0.128957 0.0346455  0.286899 0.0516477 0.0175342  0.101084
       399   21.232  -56.845 -82.8958  -0.147723 0.00902314   0.282582 -0.0160484  -0.112562  0.0684164
     399.1  18.5568 -60.0284 -76.1886  -0.125218 0.00310578   0.288601   0.135158 -0.0362914  0.0624274
     399.2  13.4462 -63.8334 -66.3129 -0.120442 0.0129507  0.304205  0.145323 0.0696743 0.0851101
   399.299  10.2727 -68.7915 -57.8575 -0.111499 0.0338635  0.323322 0.117765 0.204897 0.147111
   399.399  176.641 -105.927   138.94 -0.122419 0.0230211  0.336754 -0.00964874    0.131012    0.144964
     399.5  156.228 -102.807  157.657  -0.148256 0.00868772   0.342157 -0.183081 0.0570704  0.109409
     399.6  144.969 -100.646  164.343 -0.160681 0.0450884  0.344923 -0.239618  0.222751 0.0602139
     399.7  146.231 -98.9757  157.172 -0.182615 0.0894544   0.34213 -0.281571  0.299273 0.0345878
   399.799 0.105128 -80.0062 -63.7597 -0.201117   0.10734  0.331696  -0.250348   0.213032 -0.0231161
   399.899  21.1958 -71.4754 -93.6613 -0.226423 0.0938849  0.323892  -0.234202 0.00092268 -0.0637433
       400  23.9105 -58.4375 -106.533 -0.219114 0.0930178  0.302468 -0.0575804 -0.0176974  -0.134036
     400.1  22.5566 -48.7986 -112.822 -0.245365 0.0629906  0.290189 -0.0633291  -0.107569  -0.134283
     400.2 21.6186  -40.71 -118.44 -0.209482 0.0482353  0.286356   0.174342 -0.0862994  -0.113349
     400.3   19.408 -33.4044 -122.418 -0.174682 0.0288558  0.282632  0.275193 -0.085114 -0.130898
   400.399   14.658 -26.0051 -125.094 -0.169956 0.0121399  0.265329  0.235962 -0.084604 -0.182216
     400.5  8.80317 -18.2668  -128.63 -0.185982 0.0122982   0.25107   0.134608 -0.0169364  -0.181497
   400.599  4.37559 -11.4238 -133.745 -0.190628 0.0207622  0.262861   0.126875  0.0863004 -0.0527225
     400.7  1.60873 -7.58874 -139.965 -0.183806 0.0324238  0.302124 0.166059 0.135448 0.155885
   400.799  178.571 -174.816  33.6709 -0.175652 0.0341908  0.293147  0.149982 0.0961837 0.0620678
   400.899   175.19 -177.233   29.894 -0.182507 0.0333792  0.248289 0.0596226 0.0456615 -0.123884
       401   175.55 -178.474  33.5858 -0.180357 0.0270574  0.257196  0.0405853 -0.0691899   0.040779
     401.1  179.805 -178.884  39.6469 -0.179431 0.0172236  0.265732  0.115943 -0.139024  0.110272
     401.2  5.34241 -1.02717 -132.906 -0.177699 0.0146889  0.292248  0.142734 -0.135886  0.174436
     401.3  11.0121  -2.6658 -122.977   -0.166868 -0.00801112    0.307875  0.209745 -0.181908  0.136148
   401.399  15.5298 -5.44657 -111.152  -0.161087 -0.0179249   0.311543  0.237677 -0.121676 0.0500975
     401.5  18.9945  -8.1718 -100.068    -0.1658 -0.0279827   0.296891   0.179082 -0.0667881 -0.0768336
   401.599  21.8901 -10.7008 -90.1016  -0.174453 -0.0283858   0.288338    0.12052 0.00991842  -0.112856
     401.7   23.014 -14.0817 -79.3549    -0.248005 -0.000143097     0.274278 -0.201577  0.165345 -0.156705
   401.799   23.934  -17.154 -69.3939 -0.231155 0.0140065  0.299928 0.000114725    0.263505 -0.00542433
   401.899   24.336 -20.3699 -58.6496 -0.133376 0.0178676   0.28518   0.389665   0.316906 -0.0887021
       402  24.3785 -22.5488 -46.3601 -0.0945845   0.018847   0.261689  0.361272  0.243936 -0.200628
     402.1  22.7122 -22.9492 -33.9842  -0.0931354 -0.00482891    0.192038   0.227039 0.00999008  -0.490003
     402.2  21.2152 -21.8657 -25.6268 -0.0693109 -0.0151796    0.16494   0.214605 -0.0653236  -0.465172
   402.299  19.6439  -19.545 -21.1867 -0.0255771  0.0251485    0.11147  0.242718  0.121452 -0.529145
   402.399  17.2303 -17.2093 -18.9485 0.00261787  0.0655281  0.0663584  0.168608  0.226798 -0.463684
     402.5   13.713 -15.6558 -16.7901 0.00720968   0.030393  0.0343867   0.060314 -0.0187286   -0.33243
     402.6  10.8905 -13.4948 -15.5293 0.00402799  0.0125666 0.00891572 0.00489015 -0.0730392  -0.243975
     402.7  8.92459 -12.6339 -15.6537  0.0100506  0.0341425 -0.0289307  -0.127504 0.00306325  -0.119157
   402.799   7.0639  -11.697 -14.6364 0.00295604  0.0184429 -0.0307465  0.0412404  0.0105179 -0.0235316
   402.899  4.90683 -14.4633 -12.5462  0.0128288  0.0578973 0.00226544 -0.00764887    0.108584   0.0562689
       403  3.59459 -3.79224 -12.8036 -0.00474975 -0.00226293  -0.0110877 0.0220358 -0.233111 -0.032146
     403.1  0.193315 -0.186234   -13.071  -0.0028056 -0.00933118 -0.00726095  0.0348619 -0.0618526 -0.0145398
     403.2 179.331 179.916 167.132  0.0104543  0.0193358 -0.0550928 0.0642991 0.0577441 -0.182139
   403.299  0.165354 -0.469144  -12.7166  0.00865202 -0.00257329  -0.0176843  0.0532894 -0.0338787  0.0321232
   403.399  0.163797 -0.574145  -12.7591   0.0117577 -0.00838439  -0.0105706  0.0584694 -0.0395008  0.0466387
     403.5  0.168476 -0.537916    -12.73   0.0108598 0.000425015 -0.00918022  0.0560515 0.00854179  0.0264195
     403.6  0.188473 -0.553946  -12.7116  0.0127379 0.00618022 -0.0132257  0.0598624  0.0266034 -0.0029906
     403.7  0.171812 -0.584326  -12.7394  0.0157826 0.00766329 -0.0178199  0.0633853   0.023482 -0.0228261
   403.799  0.217823 -0.608452   -12.695  0.00582082 -0.00312003  -0.0101272  0.0300558 -0.0252909 0.00862744
   403.899  0.141543 -0.530487  -12.6794   0.012992 0.00688517 -0.0195233  0.0554406  0.0230225 -0.0337242
       404  0.178437 -0.540025  -12.7464  0.0112383  0.0242804 -0.0201123   0.051796  0.0757309 -0.0259266
     404.1 0.154402  -0.3828 -12.6416 0.00724197  0.0172854 -0.0188032  0.0364606  0.0230732 -0.0118959
     404.2  0.179961 -0.661643  -12.6973 0.00987738 0.00169579 -0.0150348  0.0417884 -0.0400057 0.00734453
   404.299  0.204833 -0.614057  -12.6027  0.0048242 -0.0141184 -0.0123252    0.02814 -0.0807078  0.0101533
   404.399 0.0825104 -0.480138   -12.633  0.0122546 0.00302505 -0.0283844  0.0574745  0.0118261 -0.0602942
     404.5  0.179214 -0.601067  -12.6426  0.0119679  0.0075031 -0.0168127  0.0564089  0.0238432 0.00505144
     404.6  0.232529 -0.583626  -12.6527  0.00362201  0.00703882 -0.00215635 0.0309126 0.0123511 0.0554023
     404.7 0.222773 -0.51602 -12.5945 -1.00906e-05  0.000927645  -0.00561259  0.0243441 -0.0136301  0.0153809
   404.799  0.173848 -0.593551    -12.68 0.00801759  0.0133565  -0.018136  0.0542672   0.037387 -0.0443776
     404.9  0.134539 -0.544732  -12.6753  0.0149023  0.0170519 -0.0232731  0.0690671  0.0358841 -0.0472345
       405  0.210635 -0.581328  -12.6629 0.00783719 0.00971918 -0.0123869  0.0426798 -0.0045002 0.00795106
   405.099  0.168067 -0.585931  -12.7269  0.0115876   0.017353 -0.0140431   0.0550588   0.0226006 -0.00553033
     405.2  0.217743 -0.619545   -12.675 0.00767001 0.00974465 -0.0143969  0.0392386 -0.0119188 -0.0100455
     405.3  0.117394 -0.495707  -12.6763  0.0142125  0.0159956 -0.0262383  0.0594042  0.0147385 -0.0546518
     405.4 0.145543  -0.5448 -12.7491  0.0142367  0.0292942 -0.0238379  0.0579193  0.0524466 -0.0246916
     405.5 0.214859 -0.55035 -12.7116 0.00388704  0.0154412 -0.0131667 0.0223332 -0.017729 0.0219828
   405.599 0.0997351  -0.42726  -12.6736 0.00707862  0.0171553 -0.0219583   0.0342218 -0.00441412  -0.0223378
     405.7  0.168893 -0.577564  -12.7051  0.0102629   0.012539 -0.0167715  0.0449747 -0.0192345  0.0067722
     405.8  0.133696 -0.579619  -12.6912  0.0112325 0.00674377 -0.0179128  0.0464129  -0.031975 -0.0020664
     405.9  0.148551 -0.557183  -12.7382 0.00930703  0.0202101 -0.0170461   0.0439536   0.0258523 -0.00209272
       406  0.115739 -0.511673  -12.6779  0.0137648    0.01656 -0.0259449  0.0529004  0.0056632 -0.0360311
   406.099  0.150757 -0.533476  -12.6244  0.0086991 0.00421869 -0.0170472  0.0357748 -0.0402822 0.00816389
     406.2  0.120241 -0.532106  -12.6213  0.0135546 0.00673971 -0.0166688  0.0511229 -0.0172641 0.00578444
     406.3  0.19226 -0.58927 -12.5706  0.00843966 -0.00287981  -0.0107107  0.0334073 -0.0466341  0.0233012
     406.4   0.19626 -0.559654  -12.5886   0.00347782 -0.000608587    -0.016568  0.0233254 -0.0245701 -0.0131729
     406.5  0.137651 -0.565016  -12.5998 0.00922118 0.00411783 -0.0271908  0.0445712 0.00213625 -0.0511176
   406.599 0.146069 -0.63974 -12.7007  0.0144522  0.0173563 -0.0198879   0.0597363   0.0474489 -0.00499218
     406.7  0.127157 -0.457508   -12.633  0.0115595  0.0174602 -0.0164835  0.0464731  0.0288663 0.00509049
     406.8  0.108644 -0.644194  -12.7239  0.0155597   0.022144 -0.0245266  0.0542861  0.0343508 -0.0310674
     406.9 0.0828639 -0.564556  -12.7033  0.0171883  0.0190457 -0.0286825  0.0525506  0.0122307 -0.0413291
       407 0.0948757 -0.594124  -12.6852 0.0141355 0.0130597 -0.027908  0.0387531 -0.0131821  -0.022807
   407.099  0.122825 -0.562677  -12.6486 0.00788797 0.00570662 -0.0174107   0.021862 -0.0345092  0.0229728
     407.2 0.0691973 -0.565131  -12.7298  0.0174925  0.0235549 -0.0202625  0.0557837  0.0432565 0.00290951
     407.3  0.102575 -0.535925  -12.7504 0.0141808 0.0283133 -0.021118   0.0417737   0.0411196 -0.00371387
     407.4  0.119455 -0.552672  -12.7617  0.0135398   0.026375 -0.0204419   0.0370761   0.0170203 -0.00207109
   407.499 0.113833 -0.58736 -12.6472  0.0129879 0.00364691  -0.021971   0.0306605  -0.0677485 -0.00942361
   407.599  0.156389 -0.603687  -12.6877 0.00995798 0.00663788 -0.0217828  0.0263769 -0.0344511 -0.0078166
     407.7   0.17739 -0.537267  -12.5522   0.0051798 -0.00437463  -0.0114082  0.0166049 -0.0605883   0.033328
     407.8  0.178856 -0.595121  -12.7183 0.00837511  0.0206652 -0.0136092  0.0379116   0.047082 0.00898469
     407.9  0.150036 -0.538815  -12.7003   0.010087   0.021659 -0.0205423  0.0418375  0.0330853 -0.0243624
   407.999  0.120281 -0.710053  -12.7851    0.01494  0.0255482 -0.0309993  0.0527489  0.0343443 -0.0574016
   408.099   0.23707 -0.737759  -12.6785 0.00301699 -0.0017295  -0.014288   0.012817 -0.0730752  0.0267941
     408.2   0.10437 -0.570108  -12.7692  0.0135889  0.0208038 -0.0209216  0.0536257  0.0336871 -0.0129407
     408.3 0.0964053 -0.564498  -12.6136  0.0129735 0.00231443   -0.02573  0.0432494 -0.0399059 -0.0284092
     408.4 0.0872677 -0.529974   -12.623  0.0130835 0.00710821 -0.0239691  0.0441101 -0.0102489 -0.0133257
   408.499   0.14257 -0.586089  -12.7598 0.00825319  0.0274705 -0.0203292  0.0340187  0.0622468 0.00287239
   408.599  0.109281 -0.568476  -12.6437  0.0137178  0.0108441 -0.0265589  0.0447761 -0.0151494 -0.0246675
     408.7 0.0859016 -0.532549  -12.5957   0.014028 0.00154676 -0.0199891  0.0414983 -0.0412701 0.00722544
     408.8  0.148074 -0.611434  -12.6751  0.0129991 0.00913171 -0.0207468   0.0394862 -0.00101292 -0.00353279
     408.9  0.113432 -0.584486  -12.6268  0.0103651 0.00058435 -0.0256156  0.0291163 -0.0317249  -0.024665
   408.999  0.141549 -0.609539  -12.6656  0.0108867  0.0116786 -0.0228561   0.035469  0.0183787 -0.0052508
   409.099  0.113671 -0.552123  -12.6944  0.0130766  0.0174856 -0.0189496 0.0419584 0.0304917 0.0119952
     409.2  0.147048 -0.613929  -12.7846 0.00865607  0.0297863 -0.0206327   0.0297982   0.0598598 -0.00366436
     409.3 0.161903 -0.63988 -12.8134  0.0128345  0.0287469 -0.0172822  0.0427238  0.0374433 0.00850424
     409.4  0.120356 -0.591903  -12.7442   0.013055  0.0235023 -0.0234992  0.0392285 0.00829323 -0.0200262
   409.499  0.120257 -0.602207  -12.7604  0.0097806  0.0150085 -0.0233561  0.0280498 -0.0254255 -0.0126354
   409.599 0.110044 -0.51489 -12.7344  0.0125228  0.0243322 -0.0239078  0.0406548  0.0180261 -0.0110626
     409.7   0.17908 -0.544982  -12.6911 0.00391867  0.0148863 -0.0096773  0.0155601 -0.0239983  0.0458461
     409.8  0.161989 -0.589042  -12.5648 0.00726484 -0.0109818 -0.0149216   0.024855  -0.102921 0.00584228
     409.9  0.183894 -0.610246  -12.7685 0.00753654  0.0197616  -0.014942  0.0379637  0.0378186 0.00204832
   409.999  0.153875 -0.553867  -12.6493 0.00983201  0.0109236 -0.0199115   0.0411545 -0.00473681  -0.0225463
   410.099  0.147241 -0.528233  -12.5764 0.00791924  0.0026528 -0.0200631  0.0330633 -0.0335994  -0.016464
     410.2 0.127131 -0.55707 -12.7453  0.0139826  0.0314385 -0.0228932  0.0562852  0.0761591 -0.0228511
