   361.799 -0.00232408  0.00532721 0.000893391 -2.34328e-05  1.74693e-05 -1.59054e-05 -0.000508628 -0.000122006   0.00045271
     361.9  -0.00117165     0.015229 -0.000342062 -0.000108935   3.1415e-05  1.00442e-05  -0.0011027 0.000182982 0.000255947
       362 0.000319887 -0.00678363 0.000958165  1.53832e-05  3.09468e-05 -4.78243e-05 0.000629409 0.000248667 0.000545877
     362.1 -0.000457053   0.00650681   0.00144475 -3.96761e-05 -1.98087e-05 -4.26249e-05 -0.000935798 -5.21655e-05   0.00048341
   362.199 0.000389927 -0.00645459 -0.00215351   5.261e-06 2.32578e-05 -2.9001e-05  0.000342004 -0.000365958  0.000784569
   362.299  0.00471203 0.000484332 -0.00497715   -2.739e-06 -3.76129e-06 -2.85547e-05 -0.000161738 -0.000445721  0.000829596
     362.4 -0.000581369   0.00341442   0.00107006 -4.47614e-05 -8.60542e-06 -2.69522e-05 -0.000309765 -0.000895385  0.000493016
     362.5   0.00340935  -0.00211247 -0.000370125 -1.56473e-05 -1.59976e-06 -1.43283e-05 -0.000112257 -0.000377678 -0.000126212
     362.6  -0.00213096    0.0139783 -0.000663706 -1.2323e-05 8.95247e-06 5.53149e-06 -0.000107305 -8.11562e-06 -0.000782901
   362.699  -0.0019561    0.005538 0.000430228 3.06933e-06  2.3367e-05  4.7521e-07  0.000696831 -7.46989e-05 -0.000561249
   362.799    0.0018108  -0.00249852 -3.15148e-05 -6.10407e-05  2.70434e-05  2.67759e-05 3.45986e-05 3.86466e-05 0.000294963
     362.9   0.00555239 -0.000516267   0.00227829 8.35002e-06 1.52943e-05  6.6798e-05 0.000423079  0.00138253   0.0003077
       363 0.00332424 0.00987409 -0.0048737  1.39761e-05 -3.82799e-05  9.32092e-05 -9.25833e-05  0.000717498  0.000769635
     363.1   0.00223516 -5.91183e-05  -0.00366324  1.76146e-05 -5.81433e-05  7.42147e-05 -0.000324368  -0.00126441   0.00142345
   363.199  0.00459038  0.00444995 -0.00378431  1.3784e-05 6.99076e-05 2.67525e-06 -6.49742e-05  0.000960781 -0.000182155
     363.3  0.00158388 -0.00673994 0.000309536   3.5726e-05 -4.93796e-05  9.80467e-06 0.000836558 -0.00128542 0.000727993
     363.4 -0.000712376    0.0107121   0.00247178 -2.90833e-05  4.82994e-05 -1.36062e-05  -0.00125454   0.00210855 -0.000938001
   363.499  0.00466743 0.000624886  0.00296266 -3.72121e-05 -7.54851e-05  5.37542e-05   -0.0015395 -0.000265972 -0.000149629
     363.6  0.00600025 -0.00113327  0.00356285    7.364e-06 -5.38571e-05  4.68408e-05 -0.00128602 -0.00110293 5.38876e-05
     363.7  0.00151615 -0.00488056 -0.00360798  5.14012e-05  4.29588e-05 -5.75466e-05 -0.000670035 -0.000139546  -0.00191941
     363.8 -0.000233464 -2.10998e-05   0.00369093 3.15544e-05 6.34591e-06 7.61056e-06 -0.000168826  -0.00180521  0.000685334
     363.9 -0.00224602  -0.0331845   0.0210328 0.000745136 -0.00135473 0.000600472 0.00105089 -0.0070057 0.00350731
   363.999 -0.0321618  0.0232558 -0.0694686 -0.000158922   0.00589754  -0.00578217 -0.000199402    0.0139388   -0.0191814
     364.1 -0.00495948   0.0689222  -0.0295517 -0.000249936  -0.00279276   -0.0042658 -0.000173578   -0.0134871  -0.00632333
     364.2 0.00273076  -0.055849  -0.120958 0.000311549  0.00876825 -0.00147044 -0.000739822    0.0239121   0.00540508
     364.3 -0.00905918    0.058344   -0.113354 -0.00130339   0.0108614 -0.00378475 -0.00189132   0.0239889 -0.00340004
     364.4   0.0149179 -0.00208023  -0.0452632 -0.00370803 0.000508589  0.00112084 -0.00487359  -0.0114561   0.0155124
   364.499  -0.021064  0.0207043 -0.0167464  -0.00197964  -0.00416183 -0.000916561 -0.00187533  -0.0203664  0.00264425
     364.6 -0.00142499   0.0125632    -0.02226 -0.00157635 -0.00193617  0.00147151 -0.00196854  -0.0072638  0.00881819
     364.7 -0.0207102  0.0360942 -0.0687424 -0.00227293  0.00166947 -0.00335448 -0.00306832  0.00701914  -0.0102659
     364.8 -0.0132119  0.0452191 -0.0584103 -6.29907e-05   0.00266407    0.0016465 -0.000379002   0.00950651    0.0103988
   364.899 -0.0452704  0.0204749 -0.0508158  0.00138667  0.00357413 -0.00469555 -0.000230076   0.00960458    -0.015739
   364.999 -0.00655524    0.095583   -0.118453  0.000473152   0.00786215 -0.000383971 7.00879e-05   0.0186307  0.00407425
     365.1  -0.068426  0.0325909 0.00359685  0.00520195 -0.00865679  -0.0075878 0.00423533 -0.0311728 -0.0226078
     365.2 -0.063283  0.113638 -0.172573  0.00338452   0.0101758 -0.00796151 0.000185094   0.0315034  -0.0155017
     365.3 -0.0330892  0.0421397 -0.0873968 -0.000751392   0.00695137  0.000345376 -0.00630777   0.0148916    0.018951
     365.4 -0.0162553  0.0476385  -0.118616 -0.00226416  0.00685539  0.00328639 -0.00732523    0.010303   0.0228863
   365.499 -0.0629869 -0.0421262  -0.104534  0.00106239   0.0158122 -0.00338935 -0.00329074   0.0306395 -0.00773597
     365.6 -0.0509319  0.0701167  -0.152649 0.000420864  0.00954382 -0.00652434 -0.00438633  0.00547871  -0.0151854
   365.699 -0.0663229  0.0303442  -0.131551  0.00156023  0.00957939 -0.00947345 -0.00443215  0.00431336  -0.0201981
   365.799 -0.0704723  0.0283414 -0.0545068  0.00309313 -0.00139254 -0.00811427 -0.00304994  -0.0289216 -0.00678411
     365.9  -0.0728253 -0.00634493  -0.0964832  0.00201213  0.00438083 -0.00404693 -0.00402734 -0.00273151   0.0108515
       366 -0.0192254  0.0437982  -0.115717   -0.0012113   0.00770215 -0.000552592 -0.00827245  0.00729321   0.0188247
     366.1 -0.0842731  0.0598798 -0.0867957  0.00340435  0.00194645 -0.00952685 -0.00261389  -0.0102435  -0.0167533
   366.199 -0.0908016  0.0683054 -0.0960541  0.00253317 0.000451281  -0.0115124 -0.00449383  -0.0113738  -0.0179267
   366.299  -0.123014  0.0658588 -0.0945733  0.00718068 0.000222718  -0.0149233 -0.000311773  -0.00892873   -0.0230929
     366.4 -0.0910981   0.122509  -0.215402  0.0026722  0.0117827 -0.0120277 -0.00694641   0.0262482 -0.00439778
     366.5  -0.131522  0.0356628 -0.0972019 0.00443249 0.00535834 -0.0116471 -0.00719292 0.000993612 -0.00139928
     366.6 -0.104501 0.0988838 -0.109089  0.00271677 -0.00176811 -0.00757961 -0.00975977   -0.017992   0.0136449
   366.699 -0.0944532   0.077437 -0.0877265 2.30785e-05 9.51543e-05 -0.00937653  -0.0129826 -0.00558794  0.00232819
   366.799 -0.0645295   0.125174  -0.154956  -0.00112585   0.00356856 -0.000317681 -0.0141348 0.00760519  0.0321398
     366.9 -0.0768474  0.0574213  -0.106602 -0.00044954  0.00210273 -0.00100484 -0.0124941 0.00374046  0.0178577
       367  -0.083388  0.0473441 -0.0689197 -0.000373378 -0.000934015  -0.00709701  -0.0125431 -0.00447428 -0.00924162
     367.1 -0.109097  0.103891 -0.136848 0.00308506 0.00395303 -0.0146169 -0.00831107   0.0125093  -0.0314508
   367.199 -0.121196  0.116412 -0.125869 0.00741314 0.00128518 -0.0113474 -0.00586546   0.0039525  -0.0102213
   367.299  -0.131155  0.0174134 -0.0750403 0.00381929 0.00527019 -0.0151454 -0.0131087  0.0141634 -0.0206641
     367.4  -0.140113   0.108292 -0.0986132   0.00320494 -0.000132846    -0.016912  -0.0143777 -0.00301242  -0.0185747
     367.5  -0.148148  0.0592179 -0.0812253   0.00270208 -0.000715146   -0.0139898  -0.0164291 -0.00439203 -0.00195808
     367.6 -0.112941   0.13356 -0.146691  0.00136205 0.000671944 -0.00782695  -0.0180395 0.000785999   0.0204255
   367.699  -0.146566  0.0437395 -0.0265582  0.00332636 -0.00702134  -0.0122794  -0.0155543  -0.0215252 -0.00149632
   367.799  -0.121061   0.108987 -0.0572815 9.81267e-05  -0.0101591  -0.0144094  -0.0192232  -0.0233165 -0.00719232
     367.9  -0.126949  0.0659135 -0.0761812  0.000470544 -0.000548182   -0.0148259  -0.0188793   0.0116557 -0.00586802
       368  -0.10015 0.0988073 -0.129285 -0.000427849    0.0038685  -0.00608957 -0.0187802  0.0213663  0.0285439
     368.1 -0.113086  0.102902 -0.131856 7.35386e-05  0.00711415  -0.0113662   -0.0172739    0.0269578 -0.000101834
   368.199  -0.139875  0.0960454 -0.0720103  0.00253794 -0.00555418  -0.0133608   -0.013491  -0.0144175 -0.00510949
   368.299   -0.1005 0.0924011 -0.131087  0.00102863   0.0013665 -0.00744583 -0.0149414  0.0104722  0.0178135
     368.4  -0.122907  0.0928422 -0.0681305  0.00264894 -0.00564646  -0.0104531 -0.0137143 -0.0110156 0.00129683
     368.5  -0.150847 0.00309999 -0.0435402   0.00442238 -0.000985151   -0.0202495 -0.0116624 0.00548303 -0.0326169
     368.6  -0.189552  0.0852186 -0.0879161  0.00668007 -0.00210864  -0.0221237 -0.0100661 0.00219464 -0.0268656
   368.699  -0.230891 0.00242769 -0.0377527  0.00699093 -0.00673924  -0.0219016 -0.0113506 -0.0119832 -0.0176666
   368.799 -0.216356 0.0576614 -0.148236   0.00429222 -0.000515185   -0.0174336 -0.0147046  0.0140956 0.00507652
     368.9  -0.238952 -0.0044246 -0.0222894  0.00625804 -0.00848536  -0.0148846 -0.0130271 -0.0131104  0.0120952
       369 -0.211463 0.0477024  -0.14796   0.00403974 -2.05438e-05   -0.0133509 -0.0167682  0.0165388  0.0133823
     369.1  -0.236452 -0.0476383  -0.118636 0.00413226 0.00706004  -0.013498 -0.0185843  0.0338468 0.00877724
   369.199  -0.273015 -0.0516426  -0.102668  0.00392246 0.000979788  -0.0149472   -0.0185279   0.00776794 -0.000308896
   369.299  -0.341353  -0.104151 -0.0839467 0.00592932 0.00274041 -0.0195453  -0.016965  0.0103428 -0.0153688
     369.4 -0.296664 -0.044262 -0.126096 0.00279442 0.00429244 -0.0122536 -0.0203582   0.013307  0.0153858
     369.5  -0.317233 -0.0389052  -0.097215   0.0024239 5.67743e-05  -0.0154432   -0.019827 -0.00253861 -0.00106603
     369.6  -0.325525 0.00162601 -0.0932812   0.00621447 -0.000134811   -0.0139487  -0.0150584 -0.00298725  0.00510242
   369.699 -0.312892 -0.125053 -0.065107 0.00387969 0.00245514  -0.010725 -0.0180952 0.00594778  0.0150494
   369.799  -0.340434   -0.03529 -0.0961259   0.00197902 -1.10548e-05  -0.00979585  -0.0204931 -0.00182998   0.0124051
     369.9   -0.33111 -0.0824504 -0.0885005 0.00250315 0.00511531 -0.0161491 -0.0193012  0.0141432 -0.0141817
       370  -0.362996 -0.0264362  -0.084368 0.00763688 -0.0047064 -0.0263813 -0.0142235 -0.0165302 -0.0439174
     370.1  -0.320713 -0.0503444 -0.0837715  0.00587882 -0.00178488  -0.0208322  -0.0184037 -0.00373728 -0.00869949
   370.199   -0.308103 -0.00698954  -0.0838111  0.00234475 -0.00792835   -0.018022 -0.0227862 -0.0202708 0.00485949
   370.299  -0.368802  -0.102409 -0.0796798 0.00578615 0.00107446 -0.0190222  -0.0181693  0.00901034 -0.00102572
     370.4  -0.304019 -0.0360913 -0.0862781 -0.00221272 -0.00812445 -0.00983488  -0.02554 -0.019176 0.0312465
     370.5 -0.331012 -0.116121 -0.102446 0.000129126  0.00561959  -0.0137413   -0.02261  0.0238534 0.00665173
     370.6 -0.347523 -0.031803 -0.185532 0.00661466  0.0120092 -0.0191823 -0.0144018  0.0361721 -0.0131983
   370.699  -0.365531 -0.0895679 -0.0940612 0.00884609 0.00367948 -0.0242127 -0.0128481 0.00156838 -0.0257933
   370.799  -0.346839 -0.0819258 -0.0863326  0.00249105 -0.00570124  -0.0170345 -0.0224386 -0.0245793 0.00943442
     370.9    -1.074 -0.203912 -0.126718  0.00572694 -0.00525465  -0.0199663  -0.037763 -0.0206232    0.01287
       371  -4.32417  -1.33297 -0.997618   0.0041779 -0.00566906  -0.0179037  -0.0265338 -0.00579556   0.0498544
     371.1  -5.57725  -1.21661 -0.572808 0.00647407 0.00273307 0.00107534 -0.0149687  0.0287896   0.154864
   371.199  -8.67084  -2.16695 -0.292437  0.0114417 0.00424165  0.0254055 -0.00423777   0.0215884    0.245176
   371.299   -12.781  -2.18047 -0.106807   0.0130546 -0.00616167   0.0595159 -0.0247618 -0.0262701   0.306727
     371.4 -16.4579  -2.7368  -1.4275 0.00685097 -0.0105681  0.0963728 -0.0639824 -0.0517877   0.326602
     371.5 -19.3694 -3.80213 -4.16583  -0.00234115 -0.000263025     0.142817 -0.0954539 -0.0274758   0.352909
     371.6 -19.8398 -4.29394 -7.36901 -0.0161425 -0.0161273   0.178338  -0.131968 -0.0891099   0.279186
   371.699 -17.5253  -4.1617  -11.608 -0.0151908 -0.0254816   0.158626 -0.0844309  -0.083758  0.0394643
   371.799 -14.0961 -4.21702 -14.3187 -0.00879255  -0.0384906    0.140733 -0.0327929  -0.053928 -0.0741558
     371.9 -11.2988 -4.96574 -15.2311 -0.00744298  -0.0359784    0.130202  0.0436257  0.0219247 -0.0665219
       372 -9.83746 -5.60503 -12.7718 -0.00334261 -0.00977054    0.135764  0.113512  0.132617 0.0152055
     372.1 -8.89337 -5.62301 -7.41681 5.95324e-05 -0.00537427    0.159186 0.129566  0.14117 0.117821
   372.199 -8.72883 -5.07218 -1.71058 0.010378 0.010613 0.162807  0.14902 0.168547 0.109146
   372.299  -8.9512 -4.53058  5.05388  0.015614 0.0227244  0.173777 0.131611 0.171558 0.104634
     372.4 -7.98496 -4.02551  13.4787  0.022191 0.0483237  0.179201 0.0954104  0.197486 0.0781972
     372.5 -7.46029 -4.70156  21.6998 0.0356813 0.0227316  0.187209 0.0893117 0.0186133 0.0951578
     372.6 -11.6998 -5.96924  27.2739 0.0399007  0.067047  0.182806 0.0280139 0.0445981 0.0925378
   372.699 -18.3611 -4.63099  29.7018 0.0357717 0.0755696  0.185984 -0.0423414 -0.0357609  0.0839596
   372.799 -24.7837 -3.20733  28.5639  0.029693 0.0351409  0.214369 -0.121789  -0.22098  0.138445
     372.9 -28.6405 -1.52417  21.2378 4.1174e-05   0.012265    0.25948 -0.281863 -0.321457  0.134687
       373 -27.7787 0.772429  11.3029 -0.00813514  -0.0158623    0.245878  -0.290627  -0.322786 -0.0804984
     373.1 -24.9168  1.42361 0.439531 -0.0334288 -0.0439766   0.246783 -0.287932 -0.252829 -0.125083
   373.199 -19.7178 -0.76425 -6.39833 -0.0519283 -0.0489494   0.237366  -0.154624 -0.0569273  -0.151664
   373.299 -14.7621 -3.53593  -6.6442 -0.0493137 -0.0226845   0.229985 0.00594862    0.14025  -0.127401
     373.4 -10.0343 -5.93036 -2.98311  -0.0305281 -0.00878766    0.200659 0.132864 0.201761  -0.1764
     373.5 -6.14878 -7.22524   2.3904 -0.00630969   0.0263484    0.177527  0.181514  0.267313 -0.141061
     373.6 -3.96119 -7.36598  8.85995 0.0110119 0.0562271  0.167755   0.178928   0.297888 -0.0817776
   373.699 -1.71299 -6.75644   17.445 0.0276493 0.0664325  0.157913   0.159621   0.227827 -0.0452845
   373.799 -0.187845  -5.82413   27.3676   0.03731 0.0845869  0.171613 0.119615  0.17762 0.049319
     373.9 -0.550451  -6.01328     37.65 0.0487444   0.09368  0.160689 0.0837502  0.140485 0.0116814
       374 -3.90337 -10.4851  48.4293 0.0530683 0.0997769  0.182036 0.000222968    0.071465    0.183323
     374.1 -11.0187 -16.5639  55.4739 0.0681312  0.101909  0.307163  -0.069384 -0.0903218   0.631829
   374.199 -20.1285 -17.9093  55.6408 0.0561929   0.12746  0.319487 -0.151454 -0.191971  0.395246
   374.299 -24.8679 -17.7782  47.3802 0.0265391 0.0905554  0.367456 -0.223752 -0.467789  0.278853
     374.4 -29.7921 -16.4793  34.3458 0.0602432 0.0453457  0.327215 -0.0753842  -0.540489  -0.123143
     374.5 -31.1246 -14.6161  21.0292 0.0143729 0.0394633  0.280093 -0.168692 -0.380763 -0.287492
     374.6 -29.5525 -11.9418  11.3724 -0.0258551  0.0215115   0.245582 -0.168852 -0.222149 -0.300452
     374.7 -25.0241 -9.75186  6.20686 -0.0416415   0.002713   0.216248 -0.0912419  -0.108397  -0.312941
   374.799 -19.3143 -8.93148  5.62838 -0.0508385 0.00599623   0.198556 -0.0357254  0.0564574   -0.26874
     374.9 -13.2848 -8.29599  9.13749 -0.0335445  0.0435558   0.161715 0.0499231  0.251698  -0.28814
       375   -7.821 -7.38848  15.4143 -0.0328103  0.0720543    0.15734 0.0725448    0.3502 -0.132524
     375.1 -3.75727 -6.18109  24.0586 -0.0211738  0.0927591   0.155873  0.108036   0.35006 -0.022703
   375.199 -1.92257 -5.10876  32.6634 -0.0128879   0.137265   0.144546  0.0900163   0.340437 -0.0207512
   375.299 -1.44698 -3.91363  41.3629 -0.00421565    0.163921    0.122676   0.059516   0.264135 -0.0504396
     375.4 -2.38821 -4.70014   48.962 -0.0013294   0.186484   0.167331 0.0148994  0.139387  0.174495
     375.5 -5.99787  -8.3152  56.0149 0.00838534   0.192569   0.208666 -0.0223135 -0.0102945   0.296486
     375.6 -11.5813 -13.0987  57.6892 -0.00552288    0.193107    0.243999 -0.0967104  -0.187674   0.335557
   375.699 -16.2818 -15.3703  50.9854 -0.020535  0.187475  0.309358 -0.153019 -0.378566  0.419625
   375.799 -22.1619 -13.1722  42.5439 -0.0112208   0.138987    0.30452  -0.11305 -0.484894   0.20985
     375.9 -25.9745 -9.48185  34.0123 -0.010936   0.11044  0.286046 -0.114977  -0.46342 0.0252423
       376 -28.8627 -5.32022  25.1875 -0.0320079  0.0887179   0.256092 -0.162553 -0.376749  -0.08575
     376.1 -30.0831 -1.23058  16.2313 -0.0672182  0.0665165   0.251595  -0.265662  -0.321993 -0.0928852
   376.199 -28.6126  3.01097  7.30193 -0.0988619  0.0270205     0.2818    -0.35894   -0.349415 0.000389203
   376.299 -27.6684  6.54393  -2.3395 -0.136441 0.0133598  0.281865  -0.383417  -0.253419 -0.0267554
     376.4 -26.3508  8.60183 -11.1435 -0.163828 0.0013237  0.281453  -0.364798  -0.171843 -0.0784696
   376.499 -24.6122  8.91404 -20.2405   -0.188533 -0.00193808    0.283064   -0.36691 -0.0957277 -0.0877445
   376.599 -22.8693   10.267 -27.5656  -0.231445 -0.0970736   0.297345   -0.422477   -0.287571 -0.00827256
     376.7  -20.578  11.4618 -34.9799 -0.261913 -0.145161  0.313091 -0.371905 -0.272497 0.0412756
     376.8 -17.8211  12.5872  -41.182 -0.277448 -0.143621  0.313764 -0.237623 -0.148906 0.0416038
     376.9 -15.9104  13.5885 -45.8677  -0.26977 -0.133805   0.30312 -0.0611286 -0.0252931 -0.0321583
   376.999 -14.4213  13.7837 -50.5921 -0.232238 -0.119253  0.277342   0.12523 0.0550073 -0.142981
   377.099 -12.3809  13.6044 -56.2881  -0.178842 -0.0658349   0.252346  0.287481  0.206137 -0.167436
     377.2 -10.6255  13.4439  -61.836  -0.209484 -0.0536239    0.30101  0.143811  0.223485 0.0719656
     377.3 -8.89869  13.6893  -67.161 -0.221385 -0.070892  0.264433  0.0941069   0.129319 -0.0824311
     377.4 -5.80743  13.3352 -73.9778  -0.224766 -0.0573203   0.279849  0.057458  0.164837 0.0430973
   377.499 -2.21617  12.0102 -80.7242  -0.227043 -0.0320589   0.289771 0.0366198   0.21456 0.0366907
   377.599 -0.320083   10.3887  -86.9077  -0.243596 -0.0316615   0.285611 -0.0193639   0.196907 -0.0297956
     377.7 0.116955 -9.20785  87.4951  -0.263428 -0.0189892   0.269354 -0.0621681   0.210271 -0.0928737
     377.8 -0.015141    8.4422    82.346   -0.299447 -0.00957216    0.275491  -0.131158   0.256236 -0.0497839
     377.9 -0.404007   8.26145    77.165  -0.290449 -0.0036363   0.275722 -0.00968093    0.256452  -0.0315558
   377.999 -0.581257   8.55294   72.7619  -0.280312 -0.0122557   0.257921  0.0686999   0.202477 -0.0601048
   378.099 0.0248938  -9.52503   68.9405  -0.278662 -0.0165581   0.251257  0.126416  0.189883 -0.054429
     378.2 0.954493 -10.2937    64.46  -0.282589 0.00568425   0.259546  0.141999  0.218987 0.0118292
     378.3  2.27336 -10.2012  60.7955 -0.276891 0.0229075  0.282189  0.194743  0.254755 0.0774742
     378.4   2.9978 -9.89709  56.3506 -0.281406 0.0434831   0.28756  0.203431  0.247819 0.0497132
   378.499  3.59206 -9.50198  52.0467 -0.269946 0.0557646  0.286848  0.273064  0.202464 0.0190968
   378.599  4.42716 -8.87756  48.1399 -0.265719 0.0671948  0.276546   0.293421    0.17529 -0.0195691
     378.7   5.4967 -7.72974  44.5148 -0.243666 0.0778642   0.28343  0.339299   0.12398 0.0344153
     378.8   6.6942 -7.25712  41.6913 -0.205335 0.0677648  0.300752  0.429641 0.0780314 0.0542868
     378.9  7.22079 -6.61644  40.0535 -0.194313 0.0780185  0.304135  0.376976  0.117736 0.0478669
   378.999   9.2119 -7.45989  37.6247 -0.179221 0.0876834  0.313208  0.315499  0.170661 0.0388253
   379.099  11.5354 -9.09023  35.0939 -0.180173  0.105564  0.318194 0.269545 0.210437 0.025417
     379.2  15.4845 -11.3858  32.9493 -0.168451  0.128561   0.35053 0.310343 0.235889 0.129335
     379.3   18.855 -13.1484  31.1992 -0.151539   0.13779  0.366239 0.283612 0.168002 0.113074
     379.4  21.2001 -14.5619   30.364 -0.13369 0.127289 0.358075  0.278967 0.0476109 0.0231667
   379.499  23.1813 -15.4617  31.5437 -0.130889  0.129008  0.314159   0.205329 -0.0557656  -0.107126
   379.599   27.326 -18.4621   32.862 -0.122005  0.113837  0.304779  0.208168 -0.108718 -0.102236
     379.7  30.1383 -19.9852  34.0103 -0.124639  0.113606  0.319293   0.146587  -0.114978 -0.0315911
     379.8   33.327 -21.2392  36.0966 -0.109854 0.0995765  0.343549   0.210923 -0.0799122  0.0705638
     379.9  37.7284 -23.8154  37.9883 -0.100236 0.0888578    0.3583   0.220619 -0.0475426  0.0539899
       380  41.5483 -31.0977  40.2855 -0.113406 0.0953106  0.342091   0.122394 -0.0823221 -0.0630604
   380.099 43.6752 -36.039 41.9556 -0.147977 0.0855756  0.334328  0.0200666 -0.0782824 -0.0976762
     380.2 44.5499   -39.3 43.9876 -0.135605 0.0813549  0.346182  0.107611 -0.048558 -0.030811
     380.3  45.9722 -44.3863   47.315 -0.134189 0.0799786  0.353971   0.133416 -0.0490463 0.00497991
     380.4  47.8395 -48.6635  51.6601 -0.125348 0.0602287  0.356843   0.160144 -0.0795284 0.00643048
     380.5  50.1276 -52.2874  56.8585 -0.153936  0.025311  0.346724  0.0351124  -0.179101 -0.0280905
   380.599  50.2654 -57.5218  64.0816  -0.173108 0.00638821    0.34235 -0.0388298  -0.170756 -0.0562412
     380.7  43.8135 -63.3763   76.172 -0.199148 0.0132983  0.350161 -0.0753607  -0.080622 0.00941266
   380.799  31.9834 -69.1262 -85.4164 -0.168145 0.0315886  0.364656  0.122194 0.0864978 0.0309091
   380.899  7.60674 -72.6759 -53.6123  -0.15432 0.0207079  0.378491 0.198671 0.123228 0.022132
       381 -18.5266  71.3216  -19.666  -0.142503 -0.0217513   0.378898   0.211934 -0.0182081 -0.0373144
     381.1 -32.2677  67.2533  1.87579 -0.115954 0.0120735  0.379284   0.229589   0.146161 -0.0454086
     381.2 -41.0105  62.6019  18.4651 -0.0745873   0.056111   0.362843   0.235401    0.26505 -0.0909882
   381.299 -42.9607  56.5965  28.4767 -0.0423757  0.0806473   0.342078  0.227363  0.232881 -0.134604
   381.399 -40.956 48.8057  34.738 -0.017239 0.0821383  0.322693  0.209468  0.149212 -0.144124
     381.5 -37.8002  41.1482  38.0336 0.00250639  0.0796278   0.314862  0.161299 0.0869085  -0.13982
     381.6 -33.5031  34.9783  39.3039 0.0105209 0.0891899  0.301458   0.11917  0.124186 -0.143529
     381.7 -29.4696  32.1279  41.7972 0.0167462  0.106139  0.286278 0.0608138  0.156264 -0.111528
   381.799 -24.9498  27.5765  44.4061 0.0230862   0.11126  0.288583  0.0368215   0.140517 -0.0421645
   381.899 -20.1429  22.9003  48.1265 0.0209876  0.126976   0.30182 0.0374329  0.167635 0.0134596
       382 -17.3359  19.4103  54.3438 0.0156412  0.148633  0.310733 0.0122062  0.208544 0.0570867
     382.1 -16.344 14.3684 61.0382 0.0131192  0.174115  0.304276 0.0111544  0.178257 0.0119839
     382.2 -15.8729  10.6004  66.3743 0.0104588  0.207903   0.26621 -0.0124875    0.13484  -0.092398
   382.299 -18.9354  1.03379  68.4286 0.00710664   0.206592    0.27543 -0.0300899 0.00175947  0.0734284
   382.399  -27.671 -9.87973  66.2985 0.0205607  0.197216  0.303498 -0.000726523    -0.214772     0.167757
     382.5 -34.8282 -15.8715  58.2658 -0.0552891    0.21853    0.33545 -0.293348  -0.32252  0.167337
     382.6 -41.4861 -17.1112  47.4123 -0.0768688     0.1823   0.354616  -0.28089 -0.496839  0.146159
     382.7 -45.1794 -14.1123   35.501 -0.0286528   0.129433   0.327818 -0.0498228  -0.556754 -0.0462301
   382.799  -46.656 -6.42229  24.4911 -0.0156775  0.0636561   0.364185 -0.0540416  -0.630601  0.0537571
   382.899 -48.2509  3.04091   15.577 -0.0186268  0.0253345   0.350687  -0.060564  -0.504232 -0.0067235
       383 -47.7813  11.2858  8.15783 -0.0837875  0.0323511   0.326733  -0.224967  -0.244227 0.00776317
     383.1 -44.1206  17.4598  1.17921 -0.0911483  0.0168737   0.311318  -0.184261  -0.166804 -0.0613459
     383.2 -39.6182   21.984 -5.62369  -0.106477 -0.0175844   0.315897  -0.181916   -0.15293 -0.0269515
   383.299 -37.2169  25.5448 -10.4904   -0.13443 -0.0335237   0.327112  -0.192285 -0.0684361   0.043388
   383.399 -37.7831  28.2436 -13.3979  -0.155013 -0.0347029   0.338821  -0.169918 -0.0357211   0.061764
     383.5 -36.1923  30.0933 -17.7625  -0.162756 -0.0387274   0.334284  -0.109903 -0.0572566  0.0118577
     383.6 -31.4692  31.2846 -24.5733  -0.187213 -0.0613132   0.343252 -0.106835 -0.108948 0.0336137
     383.7 -24.8616  31.3069 -31.3964   -0.18981 -0.0434234   0.346684 -0.00478011  -0.0214307   0.0429002
   383.799 -18.8192  29.3294 -34.4409   -0.162184 -0.00443189    0.345229  0.147844  0.129353 0.0440345
   383.899 -13.7194  26.2931 -34.8045  -0.151049 -0.0136307   0.320635   0.204897  0.0331351 -0.0643518
       384 -6.59545  22.9305 -37.6716  -0.139326 -0.0120507   0.306479    0.20627  0.0238458 -0.0985402
     384.1  -2.1724  20.5189 -39.5999   -0.14395 -0.0326652   0.285949   0.160739 -0.0374816  -0.112134
     384.2  1.49754 -19.5141 -41.2343   -0.14151 -0.0328998   0.280487   0.166073 -0.0207507  -0.064781
   384.299  5.48667 -20.1092 -41.5494 -0.138261 -0.027401  0.283698   0.220118  0.0542133 -0.0233242
   384.399  8.00264 -21.7075 -37.2851  -0.128619 -0.0148602   0.277394   0.294813   0.122307 -0.0490696
     384.5  8.26643 -23.9935 -30.7726  -0.111057 0.00561343   0.269771   0.304532   0.147656 -0.0525532
     384.6  6.77922 -26.2343  -25.661 -0.0855999  0.0321473   0.257041   0.225014   0.138749 -0.0493274
     384.7  6.81429 -26.7863 -30.2666 -0.0928343  0.0375062   0.264636    0.0421684   -0.0469915 -0.000196539
   384.799  8.66343 -25.5827 -40.6297 -0.117327 0.0238084  0.280425 -0.114679 -0.121818 0.0753071
     384.9  9.00418  -24.271 -49.3786    -0.133204 -4.71163e-05     0.279373 -0.180419 -0.144531 0.0538829
   384.999  8.89268 -22.4103 -58.0032  -0.164201 -0.0225353   0.282025 -0.226722 -0.130797 0.0314597
   385.099  9.04106 -20.6203 -65.7345  -0.175974 -0.0177644     0.2996  -0.156986 0.00788212  0.0517879
     385.2  9.34391 -18.8208 -72.8898   -0.177543 -0.00466947    0.320408 -0.0745317   0.131934  0.0778084
     385.3  9.33778 -16.7148 -80.0498  -0.202617 0.00562815   0.304964 -0.0632558   0.161931 -0.0142149
     385.4  9.17738 -15.7069 -85.9582 -0.202638 0.0165717  0.305394   0.0174039    0.220574 -0.00638855
   385.499  9.35984 -15.0178  87.2797  -0.22763 0.0321194   0.31094   -0.0276496     0.274972 -0.000989338
   385.599  9.41308 -14.5175  80.2078 -0.233469 0.0428472   0.30128 0.00292287   0.258361 -0.0436653
     385.7  9.70513 -14.0057  72.2278 -0.249488  0.057054  0.291893 -0.00677207    0.238688  -0.0857646
     385.8   9.3979 -12.6869  64.1006 -0.175874 0.0413538  0.297072  0.280619    0.1502 -0.050911
     385.9  9.19061 -11.3604  56.3273 -0.122766 0.0331739  0.288561   0.458538  0.0917686 -0.0567125
       386  10.3798 -10.4334  49.6864 -0.109798  0.044419  0.294343   0.470605  0.0982795 0.00088665
   386.099  12.6729 -9.12282  43.3152 -0.087916 0.0521361  0.305644  0.466756  0.117687 0.0487057
     386.2  15.6017 -7.30557  35.8343 -0.0775497  0.0661905   0.308429  0.410811  0.168199 0.0158525
     386.3  18.3193 -5.21807   28.951 -0.0761698  0.0861219   0.310387  0.370659  0.230505 0.0109575
     386.4  20.9147 -3.15436  21.7258 -0.0667494   0.108409   0.312863  0.370166  0.247683 -0.010021
     386.5  22.5717 -1.05724  14.6641 -0.0471465   0.113049    0.31515   0.383075   0.178706 -0.0493731
   386.599   23.147 0.430388   8.7401 -0.0389992   0.106532   0.362586  0.369958  0.101256 0.0770954
     386.7 23.1471 1.96117 3.02423 -0.0165604   0.104024   0.298695   0.27175 0.0360789 -0.135373
     386.8   23.129  3.12961 -2.22521 -0.0194979  0.0948264   0.296679  0.213427 -0.010534 -0.121793
     386.9  22.1915  5.20894 -6.66765 -0.0103887   0.158839   0.322629  0.209382  0.145253 -0.023708
   386.999  20.9472  5.87188 -11.9656 -0.0107324   0.138363   0.345722   0.19655 0.0104367 0.0306667
   387.099 19.0845 8.33306 -15.312 0.0265834  0.203098  0.416352  0.252904 0.0929965   0.20644
     387.2  18.4205  8.73086 -18.5329 0.0347188  0.194543  0.446185   0.174986 -0.0512897   0.207643
     387.3  17.7343  8.82573 -22.0291 0.0101971  0.180075  0.386877  0.0591364  -0.155429 -0.0472387
     387.4  19.1002  12.8531 -25.6062 0.00894504   0.181546   0.400675 0.0227159 -0.225195 0.0107114
   387.499  18.5002  14.8503 -29.6091 0.00259118   0.172695   0.401692  0.0472492  -0.339835 -0.0164743
   387.599 17.1244 18.3978 -34.584 0.00927979   0.158164   0.410206  0.0523793  -0.471867 -0.0498171
     387.7  16.2499  20.8087 -39.1831 0.0290893  0.139977  0.423401 0.0810248 -0.611593 0.0016046
     387.8 17.5378 18.5468 -43.857 0.104136 0.271136 0.420533  0.302541 -0.225262 -0.108282
     387.9  17.2169  15.7501 -50.9626 0.133162 0.293176 0.454544   0.280697  -0.160951 -0.0382718
       388   14.878  11.6825 -56.6823 0.0965954  0.246378  0.471573 0.0942343 -0.277804 0.0126747
   388.099 11.5414  7.7487 -60.898 0.0631638  0.232124  0.472996 -0.0364152   -0.27887 -0.0293693
     388.2  8.91552  3.22404 -63.3347 0.0656047  0.223664  0.455317 -0.0135326   -0.26911 -0.0870713
     388.3  7.26182 -1.00877 -66.7174 0.0506566  0.222069  0.501753 -0.00146431    -0.25885   0.0665691
     388.4  6.29224 -4.66547 -70.4699 0.0417588  0.242321   0.40319 0.0438947 -0.234229 -0.279938
     388.5  5.25258 -6.65886 -75.4984 0.0695352  0.238864  0.371157  0.146457   -0.2486 -0.281964
   388.599  5.29251 -6.34873 -78.7113 0.065159 0.231773 0.378943 0.0931755 -0.258057 -0.116615
     388.7  7.02703 -2.94997 -78.0662 0.0579706  0.227938  0.401581 0.0612003 -0.254829 0.0293786
     388.8   9.4778  2.83738 -74.9578 0.0434946  0.222483  0.407588 0.0335159 -0.253548 0.0478161
     388.9  12.0496  8.40425 -70.8766 0.0567729  0.227909  0.423082 0.0922958 -0.266439  0.105745
       389  15.7022  14.8467 -65.3978 0.0723319  0.225589  0.456262  0.124708 -0.282512  0.181875
   389.099  19.8413  18.3235 -57.3299 0.0691261  0.216489  0.454198 0.0596081 -0.248215  0.121807
     389.2  23.3659  18.3215 -46.9814 0.0610258  0.207664  0.468718 0.0237347 -0.209187 0.0561753
     389.3  16.5513  11.1066 -48.6734 0.0710286  0.228535  0.365669  0.0527521 -0.0395797   -0.40163
     389.4  11.1551  4.38809 -53.9109 0.097927  0.26591 0.361606   0.16867 0.0350297 -0.284944
     389.5 9.90698 2.02948 -54.935 0.0873318   0.27019  0.379652   0.148075 -0.0476961  -0.100719
   389.599  6.28607 -1.55433 -57.2067 0.0858557  0.269319  0.438901  0.134716 -0.092922 0.0900501
     389.7   4.3987 -4.89896 -57.6944 0.0737287  0.270224   0.45959 0.0891682 -0.131227   0.16313
   389.799  6.81867 -3.31939 -54.0972 0.0526505  0.256353   0.43696 0.00589865  -0.202563  0.0645967
   389.899  10.7022 0.584978 -47.0559 0.0363761  0.249792  0.432139 -0.0216696  -0.272437  0.0601573
       390  13.3501  3.09153 -40.2372 0.0438699  0.257449  0.431042 0.0302379 -0.248149 0.0431133
     390.1  16.5303  6.17872 -32.3905 0.0430588  0.255408  0.416653  0.0309528  -0.259181 -0.0233037
     390.2  19.6354  8.78703 -23.3889 0.0243273  0.230736  0.381369 -0.0516316  -0.357076  -0.143808
   390.299  24.2594  9.41107 -10.8699 0.00585245   0.194966   0.381723 -0.0872432   -0.49316  -0.121667
     390.4 27.9748  7.7579 2.29948 0.00434013   0.166065   0.420591 -0.0727805  -0.582919  0.0161905
     390.5 30.3599 3.92262 14.4258 -0.0167782   0.104231   0.460816 -0.0382774   -0.69637   0.105698
   390.599  35.0606 -4.50897  22.3466 -0.0512647  0.0710995   0.332164 -0.164703 -0.587285 -0.322445
     390.7  35.2613 -8.20554  31.6156 -0.0786272  0.0491195   0.271713 -0.146394 -0.508897   -0.4207
   390.799  34.9565 -10.4823  42.3019 -0.0846083  0.0528135   0.278857 -0.0632172  -0.328358   -0.26734
   390.899  34.1491 -12.2409  49.5655 -0.0671586  0.0487244   0.300384 0.0509792 -0.202031 -0.107624
       391  32.4674 -12.6742  54.1158 -0.078044 0.0487288  0.312021  0.0395103    -0.1379 -0.0428965
     391.1  30.0019 -12.3438  60.1361 -0.0677359    0.03291   0.317136  0.0939144   -0.15324 -0.0139376
     391.2  29.1304 -13.0128  69.7021 -0.0684371   0.023006   0.315641   0.111698  -0.152935 -0.0191741
   391.299  29.1017 -15.2603  81.1252 -0.0834826  0.0127651   0.306124    0.08429  -0.149353 -0.0418506
   391.399  27.1152 -19.4389 -85.8731 -0.186383 0.0430833  0.313906  -0.218521  -0.060913 -0.0124331
     391.5  23.9161 -21.4838 -74.7588  -0.17874 0.0419465  0.319822  -0.174712 -0.0647517  0.0503612
     391.6  18.4541 -22.4724  -65.903 -0.145525 0.0297755  0.298037  -0.0748861   -0.056784 -0.00522931
     391.7  11.8111 -22.3014 -57.2042 -0.137148 0.0104367  0.296519  -0.0487823  -0.0967437 -0.00347153
   391.799  7.06977 -20.5801 -50.1092    -0.1425 -0.0268211   0.279037 -0.0179398  -0.122465 -0.0733161
     391.9  2.22945 -18.1436 -39.4996  -0.151412 -0.0417242   0.298475  0.0317469 -0.0390883 -0.0241447
       392 -1.90466  13.8632 -29.0171 -0.140648 -0.056457  0.275487   0.078584 -0.0271718  -0.115289
   392.099 -4.64429  8.58905 -19.9985  -0.124996 -0.0435905   0.262845  0.121766 0.0686442 -0.112936
     392.2 -6.69814  4.99053 -12.0703  -0.112237 -0.0372406   0.253545   0.119231   0.142946 -0.0583195
     392.3 -7.83622  3.25614 -4.02145  -0.112155 -0.0135691   0.256919   0.0942434     0.19873 -0.00694494
     392.4 -7.70992  2.44395  2.94457 -0.103619 0.0275701  0.264413  0.102738  0.232737 0.0341535
     392.5 -6.68022  1.86762  8.49585 -0.102326 0.0377129  0.269057  0.071858  0.168559 0.0165674
   392.599 -4.76252  1.22483  13.6882 -0.0901837  0.0419264    0.25984  0.0778593   0.104557 -0.0490335
     392.7 -3.27118 0.540669  18.4748 -0.0874402   0.057551   0.242402  0.0485875   0.112501 -0.0753387
   392.799 -2.70035 -1.19037  23.3313 -0.0892149  0.0638296   0.238826 0.0523399  0.119448 -0.076249
   392.899 -0.546021  -2.15552   28.9207 -0.0961377  0.0798386    0.24334  0.0396175   0.157456 -0.0279914
       393 0.034048   3.8272  35.6471 -0.0959645   0.101013    0.24134   0.02584  0.144484 0.0076489
     393.1   -5.522 -7.84967  39.0529 -0.105994  0.116056  0.262521 -0.0166905 0.00300119   0.161373
     393.2 -16.8681 -12.9978  32.7764 -0.0967616   0.108511   0.283493 0.0133475 -0.172692  0.178047
   393.299 -27.2508 -11.3916  21.2328 -0.10461 0.084969 0.292815 0.0389674 -0.250025  0.125013
   393.399 -28.7171 -4.15153  9.35186 -0.123271 0.0701368   0.30241 -0.00121282   -0.264576   0.0665788
     393.5 -24.6012  1.67648 -2.00314  -0.12096 0.0118636   0.30845 0.00141754  -0.391964  -0.022923
     393.6 -12.6299  3.75435 -13.4898  -0.100967 -0.0170295   0.273595 0.0359517 -0.352695 -0.234737
     393.7 -0.665686   2.33334  -22.6375  -0.100453 -0.0319496   0.233653 0.0227489 -0.224178 -0.254406
   393.799  5.34435  1.86942 -24.5863 -0.0913461 -0.0478669   0.181267 0.0612135 -0.105751 -0.271649
   393.899  9.25451  4.95082 -19.4792 -0.0819088 -0.0190196   0.189297   0.170938  0.0561011 -0.0995165
       394  11.9358  5.54713 -13.5225 -0.0830337 -0.0091397   0.173773   0.179727  0.0724117 -0.0965422
     394.1  10.6847  4.39845 -5.03322 -0.0812532  0.0135572   0.158432     0.1503   0.140251 -0.0871671
     394.2 6.00748 3.89936 6.23687 -0.087261 0.0654919  0.170621    0.109229    0.234816 -0.00805365
   394.299 -3.67313 -1.78136  14.4617 -0.0916926  0.0674574   0.194312 0.0528741  0.101986    0.1035
     394.4 -15.6739  -3.3048  16.6792 -0.102018 0.0695932  0.243768 -0.00487633 -0.00445939    0.246425
     394.5 -26.9511 -5.24367  14.6433 -0.100509  0.054805  0.268527 -0.0285682  -0.107876   0.234994
   394.599 -36.6643 -2.35149  9.68532 -0.114965 0.0435569  0.299552 -0.0874362  -0.168968    0.22591
     394.7 -41.7507  4.04042 0.943911 -0.119644 0.0344005  0.299485 -0.0837311  -0.191001   0.099692
     394.8 -38.5732  9.42715 -8.09695   -0.143984 0.000894033    0.318698  -0.12863 -0.272727 0.0957955
     394.9 -25.8221  10.7386  -21.621  -0.137619 -0.0151455   0.301152 -0.0555036  -0.275425 -0.0645254
       395 -10.3799  5.03925 -30.8834  -0.139945 -0.0820318   0.271099 -0.0133429  -0.311316  -0.160562
   395.099 -3.02715 -1.29205 -26.0214   -0.11759 -0.0464191   0.241708  0.226878 0.0502494 -0.122955
     395.2 0.573153  3.72002 -14.0218  -0.0883359 -0.00287026     0.25105   0.384019   0.219394 -0.0056892
     395.3  2.25082  3.47812 -1.96684  -0.0823219 -0.00256792    0.179481  0.347206  0.139077 -0.260475
     395.4  3.0562 4.11529 8.36841 -0.0694065  0.0585059   0.164411  0.297804  0.193152 -0.241507
     395.5 3.67966 6.32104 16.4401 -0.0615915  0.0634655   0.184799  0.244923 0.0985615 -0.117942
   395.599 5.67389 7.90325 22.9916 -0.0548547  0.0753057   0.186701   0.159899  0.0859479 -0.0552578
     395.7 7.66564 9.26308 30.6506 -0.0591841  0.0945391   0.177516  0.0611414  0.0983107 -0.0147247
     395.8 7.17095   10.64 38.2001 -0.0682741   0.100211   0.211554 0.0191462 0.0671667   0.16035
     395.9 2.20404 14.4024 42.0906 -0.0801291   0.106712    0.22833 -0.0442827  0.0464292   0.197399
       396 -6.57196 -17.1114  41.0828 -0.0672941   0.103456   0.237132 0.0275692 0.0334621  0.135269
   396.099 -6.72271 -14.7597  45.0838 -0.0683901   0.112921   0.246426 0.0321016  0.109506 0.0750051
     396.2 -2.44729 -14.2257  52.8951 -0.0780211   0.140293    0.24254  0.0501653   0.128842 -0.0163452
     396.3 -0.172031  -14.0992   59.1313 -0.0791177   0.146322   0.262513 0.0654054 0.0604572  0.103241
     396.4 -3.28687 -17.8936  62.4522 -0.0864455   0.152303   0.291206  0.0612197 0.00562746   0.218931
     396.5 -10.2161 -23.6123  60.9954 -0.0716944    0.14201   0.296285  0.119625 -0.127851  0.116606
   396.599 -13.0273 -26.2961  57.6443 -0.0661601   0.139393   0.277778   0.142994 -0.0563962 -0.0426803
     396.7 -6.99517  -21.341  62.1692 -0.071221  0.143145  0.278355  0.0744258 0.00685327 -0.0530222
   396.799 -0.933652  -14.6113   66.3643 -0.0663863   0.150081   0.279939   0.105019 -0.0443047 -0.0178223
   396.899 -2.14713 -14.0786  64.9475 -0.0602935   0.143627   0.278499 0.0482946 -0.112777 0.0983511
       397 -15.6206 -19.3902  56.6619 -0.0823492   0.134731   0.307867 -0.0578382  -0.165539   0.276614
     397.1  -26.217 -17.6066  43.4845 -0.0793388    0.12529   0.326098 -0.0369554  -0.208021   0.223143
     397.2 -32.6827  -8.6789  32.1229 -0.0781889   0.122683   0.321067 -0.0804756  -0.160572   0.066612
   397.299 -33.5297  3.10544  21.2829 -0.0988374   0.119352   0.306512  -0.140871 -0.0909655 -0.0939215
   397.399 -27.8958  12.0085  8.65755 -0.131738   0.12184  0.283943  -0.20949 -0.105268  -0.25153
     397.5 -19.7521  17.5423 -7.87605 -0.158598 0.0918035  0.269276 -0.280213 -0.197549 -0.238957
     397.6 -13.8771   18.744 -23.0994 -0.182899  0.082693  0.235374 -0.259581 -0.146484 -0.208009
     397.7 -9.05194  19.0746 -36.7996 -0.198404 0.0742621   0.23329  -0.178773  -0.111682 -0.0921288
   397.799 -6.88844   21.262 -47.6644 -0.201788 0.0644545  0.243063  -0.142387 -0.0275338  0.0134069
   397.899 -8.99346   26.429 -55.6159 -0.218158  0.064006  0.253026 -0.0951555  0.0318973  0.0657072
       398  -7.6639  29.7643 -63.9593 -0.216368 0.0821365  0.268864 -0.00099879   0.0719522    0.111307
     398.1 -2.96889  33.0145 -74.2102 -0.204487  0.100657  0.281495 0.0715151  0.110293  0.112991
     398.2  2.35417 -35.9031 -84.2937 -0.206736  0.108788  0.286068  0.127439  0.103087 0.0871648
   398.299  8.10556 -37.7774  88.1911 -0.17702 0.103956 0.275488   0.254701 0.00848953  0.0113737
   398.399 14.4981 -38.062 82.8732 -0.166711 0.0913779  0.254972    0.22283  -0.126771 -0.0413449
     398.5  18.4839 -37.2869  80.8268 -0.158709 0.0817809   0.25686  0.202711 -0.164543 0.0317861
     398.6  22.0951 -39.5365  81.1243 -0.132688 0.0614899  0.261118  0.253775 -0.188049 0.0941471
     398.7  24.6796 -44.8891   84.506 -0.130911 0.0621078  0.274923  0.194597 -0.133118   0.11279
   398.799  25.0305 -49.8164  88.5394 -0.131989 0.0534345  0.283383  0.122783   -0.1144 0.0842155
   398.899  23.1706 -53.5214 -87.0766 -0.129102 0.0628668   0.30176  0.0814438 -0.0364684   0.143869
       399  20.7709 -56.3745 -82.0923 -0.152814 0.0419414  0.303666 0.0305039  -0.14171  0.142637
     399.1  18.0694 -59.5338 -75.2708 -0.144896 0.0347928  0.314685   0.111285 -0.0863898   0.144017
     399.2  12.8776 -63.2936 -65.3771 -0.133953 0.0395108  0.325299   0.167973 -0.0108177   0.126888
   399.299  9.55214 -68.2196 -56.8099 -0.115561  0.056137  0.336776 0.179177  0.11066 0.152416
   399.399 -3.97243  73.4725 -40.2392 -0.114655 0.0427511  0.340282   0.10704 0.0651764  0.130705
     399.5 -23.5009  76.6029 -22.5162 -0.120224 0.0381899  0.336126 -0.00523759   0.0516646   0.0928504
     399.6 -34.0965  78.8361 -16.3957   -0.1418 0.0774875  0.345269 -0.131535  0.202473 0.0871669
     399.7 -32.8644  80.5326  -23.499 -0.169832  0.119217  0.346777 -0.218056  0.253147 0.0917923
   399.799 -0.833226   79.5482   -62.562 -0.194904  0.131357  0.338311 -0.224943  0.161528 0.0600518
   399.899  20.3823 -71.1692  87.4724 -0.228986  0.116397  0.337741  -0.239366 -0.0270377  0.0338552
       400  23.5702 -58.0944   74.075 -0.223955  0.126604  0.317798 -0.0970345 -0.0141356 -0.0177736
     400.1  22.2301 -48.4236  67.7747 -0.256173  0.085666  0.299668 -0.0942606  -0.141379  -0.080854
     400.2  21.3788 -40.2859  62.0289 -0.219218 0.0718756   0.29428   0.108626  -0.121405 -0.0746992
     400.3  19.1991 -32.9324  57.9184 -0.172443 0.0488169  0.284652  0.235945  -0.12941 -0.123204
   400.399  14.4008 -25.4706  55.1594  -0.14308 0.0304202  0.271255  0.297328 -0.125564 -0.157019
     400.5  8.53359 -17.8084  51.5423 -0.142197 0.0189672  0.257006   0.269214 -0.0914823   -0.17604
   400.599 4.14082 -10.932 46.3832 -0.144334 0.0269309  0.255574   0.243869 0.00852855  -0.120544
     400.7  1.41561 -7.00101  40.1932  -0.14234 0.0445743  0.280531   0.23829 0.0808341 0.0311689
   400.799 -1.6512 4.59801 33.8202 -0.138728 0.0529859  0.270958     0.20193   0.0891637 -0.00580803
   400.899 -5.09145  2.15773  30.0423 -0.143447 0.0601979  0.251146   0.127093  0.0713177 -0.0477507
       401 -4.65162 0.877171  33.7946 -0.147106 0.0609804  0.269063 0.0801291 -0.027324  0.110114
     401.1 -0.403843  0.522304   39.9593 -0.156439 0.0579688  0.266575  0.131566 -0.075026  0.111577
     401.2   5.49963 -0.385771   47.5355 -0.139558 0.0348249  0.283831  0.218222 -0.170523  0.129134
     401.3 10.7866 -2.0475 57.3343 -0.130772 0.0141593  0.301837  0.271917 -0.203132  0.110346
   401.399  15.3784 -4.83938  69.1193    -0.121242 -0.000686549     0.299887  0.308106 -0.167718 0.0126128
     401.5  18.9106 -7.51271  80.2682  -0.122382 -0.0128493   0.287779   0.270758  -0.124195 -0.0856402
   401.599  21.7409 -10.1299 -89.6808  -0.123774 -0.0199962   0.279287   0.238173 -0.0719201   -0.12469
     401.7  22.7682 -13.5446 -78.8721  -0.22584 0.0117256  0.260213 -0.125697  0.025865 -0.194214
   401.799  23.7001 -16.6535 -68.9329 -0.208941 0.0215612  0.271049 0.0170241  0.140603  -0.11482
   401.899  24.0913 -19.8632 -58.1041 -0.133604 0.0332448  0.264651  0.236539  0.266367 -0.117403
       402  24.2066 -22.0551 -45.8499 -0.0973315  0.0438693   0.247996  0.246861  0.263285 -0.185204
     402.1  22.5231 -22.4156 -33.4851 -0.083198 0.0351894   0.19428 0.213042  0.10657 -0.39928
     402.2  20.9864 -21.4191 -25.1512 -0.0549527  0.0209742   0.152795   0.195871 0.00180248   -0.47496
   402.299   19.691 -19.4148 -20.8389 -0.0242612  0.0376868    0.11016  0.164309 0.0488412 -0.499318
   402.399   17.245 -16.9966 -18.5013 0.000774493   0.0621889   0.0626834 0.0850925   0.10303 -0.452348
     402.5  13.7621 -15.3637  -16.426 0.000776512   0.0343448   0.0265139 0.000574356  -0.0534472   -0.353622
     402.6  10.9274 -13.3395  -15.263 -0.00141025   0.0190564 -0.00715853  -0.033955 -0.0854472  -0.288397
     402.7  8.98607 -12.4746  -15.338 0.00331712  0.0330414 -0.0360649  -0.165958 -0.0569485  -0.109189
   402.799  7.21715 -11.5714 -14.3345 -0.00141543   0.0161634  -0.0185665   0.031157 -0.0280263  0.0444893
   402.899  4.93063 -14.1981 -12.3496    0.0111087    0.0516262 -0.000209921 -0.0212103  0.0425019  0.0465476
       403  3.87268 -3.60757 -12.5665  0.00338073 -0.00213007  -0.0147668  0.0575661  -0.231155 -0.0357736
     403.1  0.167139 0.0393281  -12.7653  0.00364889 -0.00608286   -0.012074  0.0634482 -0.0475288 -0.0223693
     403.2 -0.68493 -0.26296 -12.6136  0.0144531   0.015815 -0.0571402   0.0777124 0.000463936   -0.164853
   403.299  0.162421 -0.436103  -12.4923   0.0157429 -0.00998852  -0.0200768 0.0725327 -0.079037 0.0189794
   403.399  0.131628 -0.455266  -12.5909   0.0202389 -0.00374255  -0.0140053  0.0884702 -0.0471522  0.0299294
     403.5  0.136907 -0.445546  -12.4847    0.017918  -0.0179833 -0.00959695  0.0877207 -0.0803512  0.0257249
     403.6  0.150778 -0.430809  -12.5205   0.0207584 -0.00471764  -0.0195093   0.102613 -0.0327565  -0.022097
     403.7  0.119375 -0.382042  -12.5169    0.0248495 -0.000999976   -0.0250036    0.11167 -0.0226257 -0.0386257
   403.799  0.181924 -0.473491  -12.5435   0.0176725 -0.00599346  -0.0124869   0.102686 -0.0424594 0.00949462
   403.899  0.112052 -0.313212  -12.5258  0.0248266 0.00407658 -0.0189537    0.11772 -0.0123969 -0.0213113
       404  0.156829 -0.428474  -12.5285   0.0199924 -0.00262745  -0.0203635  0.109693 -0.037966 -0.023822
     404.1  0.123622 -0.351452  -12.5106    0.0212507 -0.000731696   -0.0218408   0.113788 -0.0321418 -0.0243322
     404.2  0.136411 -0.493651  -12.5184   0.0214708 -0.00873802  -0.0227714   0.111789 -0.0541773 -0.0226182
   404.299  0.150861 -0.424028  -12.5166   0.0185097 -0.00740768  -0.0186239   0.111161 -0.0469014 -0.0068585
   404.399 0.0091563 -0.321736  -12.5252  0.0274616 0.00158145 -0.0322604   0.126428 -0.0178376 -0.0574278
     404.5  0.143912 -0.498961  -12.5571   0.0235255 0.000428679  -0.0211638    0.120415  -0.0258832 -0.00516921
     404.6 0.168098 -0.48169 -12.6082  0.0181334 0.00388408 -0.0120703   0.113318 -0.0185418  0.0222201
     404.7  0.175726 -0.414005  -12.5374   0.0174163 -0.00149392  -0.0116486   0.111545 -0.0378268  0.0104605
   404.799 0.101859 -0.44101 -12.6133  0.0253891  0.0108475 -0.0253882     0.125003 -0.000957815   -0.0451853
     404.9 0.0943978  -0.40966  -12.5181    0.027988 0.000123388  -0.0266039   0.121848 -0.0391154 -0.0390844
       405  0.180579 -0.475221  -12.4924  0.0190889 -0.0137908 -0.0111797  0.105444 -0.076905 0.0209563
   405.099  0.114465 -0.437395  -12.5583    0.0263436 -0.000647151   -0.0166797   0.121737 -0.0286717  -0.011442
     405.2  0.153883 -0.498131   -12.498  0.0219519 -0.0102712 -0.0195694    0.11061 -0.0563584 -0.0237215
     405.3 0.126369 -0.40404  -12.552  0.0241309 0.00453667 -0.0235768   0.119933 -0.0103755 -0.0344651
     405.4 0.0905829 -0.395496  -12.5594  0.0267257 0.00957289 -0.0273565    0.122413 -0.00413003  -0.0379961
     405.5  0.154248 -0.391758  -12.5557  0.0182554 0.00546056 -0.0184564    0.10635 -0.0262927 0.00109684
   405.599 0.0627856 -0.329682  -12.5289  0.0188992 0.00372668 -0.0219724   0.103497 -0.0332586 -0.0152399
     405.7  0.132404 -0.470648  -12.5408   0.0211013 -0.00227762   -0.021249    0.104873  -0.0481687 -0.00973881
     405.8 0.0764227 -0.415788  -12.6061  0.0219065 0.00810378 -0.0259029   0.109529 -0.0156294 -0.0260939
     405.9 0.0865968 -0.428835  -12.5557  0.0215001 0.00192124 -0.0262556   0.105278 -0.0358851 -0.0232559
       406 0.0934638 -0.406317  -12.5943  0.0258398 0.00906942 -0.0242269   0.112068 -0.0148789 -0.0113888
   406.099 0.0811318 -0.416603  -12.4961   0.0249847 -0.00855438  -0.0242208   0.103858 -0.0667164 -0.0130954
     406.2   0.11395 -0.371236  -12.4896   0.0246288 -0.00255475  -0.0160024  0.105425  -0.04273 0.0164231
     406.3  0.125173 -0.365812  -12.4024  0.0220207 -0.0137244  -0.018225  0.0973478 -0.0722618 -0.0015527
     406.4   0.12662 -0.379391  -12.4506   0.0199393 -0.00850292  -0.0221183  0.0972753 -0.0487755  -0.019044
     406.5  0.109818 -0.385467  -12.4888    0.0209321 -5.78736e-06   -0.0254242   0.101593 -0.0210031 -0.0283812
   406.599  0.147549 -0.487675  -12.5564  0.0207671 0.00470963 -0.0180343   0.100791 -0.0103874 0.00104664
     406.7 0.0672166 -0.288747  -12.4798  0.0211266 0.00160279 -0.0238062   0.098979 -0.0257124 -0.0256493
     406.8 0.0745823 -0.441919  -12.5698 0.0234138 0.0105346 -0.028765    0.102975 -0.00181161  -0.0382262
     406.9  0.074076 -0.402008  -12.5742  0.0247515  0.0110939 -0.0288317     0.10197 -0.00705595  -0.0335056
       407 0.0288859 -0.412748  -12.6117  0.0270038  0.0161388 -0.0337879   0.102746 0.00203274 -0.0413146
   407.099 0.100438 -0.43171 -12.4969  0.0196321 -0.0053661 -0.0213772   0.083037 -0.0655556  0.0103493
     407.2 0.00492866  -0.400002   -12.6405  0.0324529  0.0194859 -0.0296046   0.107895  0.0143088 -0.0238941
     407.3 0.0290392 -0.380497  -12.5503  0.0289894 0.00683373 -0.0290441  0.0935561 -0.0341599 -0.0180271
     407.4 0.0457179 -0.348491  -12.5525  0.0256278 0.00550144 -0.0270762    0.086642  -0.0391757 -0.00880888
   407.499 0.0615713 -0.417542  -12.4728   0.0257768 -0.00956993  -0.0261624   0.0814579  -0.0775046 -0.00632256
   407.599  0.102516 -0.406204  -12.5209   0.0196376 -0.00199013  -0.0197413  0.0769651 -0.0463128  0.0143082
     407.7  0.123729 -0.415723  -12.4548  0.0172638 -0.0106219 -0.0165684  0.0725117 -0.0657534  0.0156592
     407.8  0.101526 -0.405519  -12.5527  0.0195429 0.00466974 -0.0205569   0.0829267  -0.0133789 -0.00682102
     407.9 0.0906654 -0.397996  -12.4803   0.0192111 -0.00513904  -0.0240884  0.0789046 -0.0439507 -0.0209319
   407.999 0.0320302 -0.473378  -12.5328   0.0239104 0.000392369  -0.0377512  0.0863954 -0.0228934 -0.0642717
   408.099   0.18686 -0.533626  -12.5039  0.0127696 -0.0106491   -0.01642  0.0685792 -0.0550802  0.0270939
     408.2  0.041983 -0.379238  -12.6361  0.0246579  0.0192222 -0.0240073  0.0951903  0.0360972 -0.0146396
     408.3 0.0775485   -0.4656  -12.5539  0.0235199 0.00510473 -0.0250224  0.0854933 -0.0178541  -0.016623
     408.4 0.0545666 -0.430267  -12.5731  0.0238915 0.00763638 -0.0288358  0.0851845  -0.013246 -0.0282662
   408.499 0.0702029 -0.457585  -12.5953  0.0218427  0.0101654 -0.0275192    0.081529 -0.00871105  -0.0174091
   408.599 0.0848737 -0.427015  -12.5081   0.0227583 -0.00377875  -0.0249986   0.0773328  -0.0502393 -0.00810671
     408.7 0.0438196 -0.329866  -12.4768  0.0240817 0.00214951 -0.0277259  0.0799616 -0.0281659 -0.0194945
     408.8 0.115868 -0.47545 -12.5782  0.0227308 0.00466849 -0.0233914   0.0779491  -0.0202794 -0.00269485
     408.9  0.051429 -0.370445  -12.5181  0.0211279 0.00057152 -0.0290255  0.0729131 -0.0345345 -0.0256075
   408.999 0.0064177 -0.441293  -12.4746   0.0270781 -0.00788674  -0.0413673  0.0762887   -0.05267 -0.0620751
   409.099 0.0524177 -0.365427  -12.5475  0.0222129 0.00568941 -0.0265971  0.0732868 -0.0118156 0.00852911
     409.2  0.070606 -0.471168  -12.6226  0.0200286  0.0130218 -0.0283027   0.0712478  0.00533636 -0.00430571
     409.3  0.114112 -0.512554  -12.6406  0.0210698  0.0115128 -0.0169248   0.0723345 -0.00364948   0.0316079
     409.4 0.0722004 -0.446228  -12.5895  0.0211269 0.00968608 -0.0255178  0.0705348 -0.0124528 -0.0108415
   409.499 0.0576817 -0.426233  -12.4961    0.017849 -0.00803138  -0.0281271  0.0602541 -0.0629227 -0.0181814
   409.599 0.0864888 -0.398363  -12.5992  0.0204576  0.0136175 -0.0247956   0.0731952  0.00694948 -0.00344167
     409.7  0.111257 -0.429913  -12.5438  0.0179249 0.00519638 -0.0202348  0.0660233 -0.0244272 0.00980637
     409.8 0.0777172 -0.364553  -12.4397  0.0198483  -0.010285 -0.0241378  0.0631044 -0.0665523 -0.0104024
     409.9 0.0892501 -0.415644  -12.5851  0.0204042 0.00853852 -0.0293812   0.0719131 -0.00434095  -0.0271942
   409.999 0.0888977 -0.361295  -12.4862   0.0178354 -0.00317494  -0.0229161   0.0633744  -0.0433054 -0.00155282
   410.099 0.0783959  -0.38394    -12.42  0.0164511 -0.0123865 -0.0266441  0.0591556 -0.0643703 -0.0172772
     410.2 0.0228584 -0.397006   -12.562  0.0265228  0.0116946 -0.0348808  0.0809425   0.013545 -0.0429889
