   361.799 -0.00232408  0.00532721 0.000893391 -2.34328e-05  1.74693e-05 -1.59054e-05 -0.000508628 -0.000122006   0.00045271
     361.9  0 -0  0 0 0 0 0 0 0
       362  0 -0  0 0 0 0 0 0 0
     362.1  0 -0  0 0 0 0 0 0 0
   362.199  0 -0  0 0 0 0 0 0 0
   362.299  0 -0  0 0 0 0 0 0 0
     362.4  0 -0  0 0 0 0 0 0 0
     362.5  0 -0  0 0 0 0 0 0 0
     362.6  0 -0  0 0 0 0 0 0 0
   362.699  0 -0  0 0 0 0 0 0 0
   362.799  0 -0  0 0 0 0 0 0 0
     362.9  0 -0  0 0 0 0 0 0 0
       363  0 -0  0 0 0 0 0 0 0
     363.1  0 -0  0 0 0 0 0 0 0
   363.199  0 -0  0 0 0 0 0 0 0
     363.3  0 -0  0 0 0 0 0 0 0
     363.4  0 -0  0 0 0 0 0 0 0
   363.499  0 -0  0 0 0 0 0 0 0
     363.6  0 -0  0 0 0 0 0 0 0
     363.7  0 -0  0 0 0 0 0 0 0
     363.8 -0.00650061  -0.0301158   0.0242416  0.000711059 -0.000948657  0.000353563  0.00080185 -0.00529457  0.00225426
     363.9 -0.0261326  0.0173437 -0.0620112 -8.65435e-05   0.00429863  -0.00370114 -0.000142107    0.0145168   -0.0197888
   363.999 -0.00984678   0.0690014  -0.0248704 -0.000187643  -0.00143035  -0.00354167 -0.00024779  -0.0142488   -0.006824
     364.1 -0.00113031   0.0538763   -0.115314 0.000318446  0.00606227 -0.00215304 0.000668559   0.0206251  0.00481064
     364.2 -0.0117797  0.0505107  -0.105963 -0.00104074  0.00825371 -0.00323832 -0.00265122   0.0225281 -0.00394201
     364.3   0.0122643 -0.00360163  -0.0432464 -0.00306604  0.00170663 -0.00029283 -0.00436324  -0.0108255   0.0155817
     364.4 -0.0223548  0.0142708 -0.0207818 -0.00163638 -0.00199546 -0.00140405 -0.00205789  -0.0207066  0.00185109
   364.499 0.000305588  -0.0168797  -0.0333835   -0.0016021 -0.000328207  0.000811315  -0.0021519 -0.00479288   0.0106002
     364.6 -0.0257056   0.027049  -0.074531  -0.0017943  0.00228589 -0.00242792 -0.00251465  0.00897427  -0.0136264
     364.7 -0.0208927  0.0469757 -0.0616788  0.000567775   0.00273592 -0.000245045 0.000717437   0.0091351  0.00655661
     364.8 -0.0419484  0.0284187 -0.0459097   0.0010634  0.00148816 -0.00318738 0.000720169  0.00256332  -0.0131505
   364.899 -0.00846577    0.100406   -0.119327 0.000412682  0.00542376 -0.00150078 -0.0018359  0.0169987 0.00223165
   364.999 -0.0697825  0.0360191 0.00815945   0.0046705 -0.00627141 -0.00576689 0.00557802 -0.0345263 -0.0217733
     365.1 -0.0556273   0.106105  -0.168361  0.00296952  0.00698069 -0.00647174 0.000908393   0.0313987  -0.0148266
     365.2 -0.0430226  0.0716529   -0.08727 0.000689876  0.00395093 -0.00358919 -0.00374461  0.00895722  0.00926167
     365.3 -0.0216109  0.0641892  -0.118951 -0.000915189   0.00568892  -0.00105131 -0.00700249   0.0136264   0.0178007
     365.4 -0.0546066 -0.0331772  -0.109895 0.000802128    0.013496 -0.00303596 -0.00365489    0.038621 -0.00229229
   365.499 -0.0431888  0.0793435  -0.156034 0.000311371  0.00974501 -0.00453155  -0.0047385  0.00675707 -0.00846748
     365.6 -0.0783003  0.0241057  -0.142009 0.00273995  0.0102847 -0.0084085 -0.00124304  0.00728759  -0.0238673
   365.699 -0.0767139   0.036407 -0.0595778   0.0036928  0.00143941 -0.00823759 -0.00193626  -0.0295207 -0.00966432
   365.799 -0.0752884 -0.0167885 -0.0906776  0.00277916  0.00471002 -0.00586917 -0.00402687 -0.00522227  0.00973741
     365.9 -0.0250967  0.0543784 -0.0982381 -0.000107874   0.00491954  -0.00265216 -0.00759868 -0.00142175   0.0223204
       366 -0.0884128  0.0530538 -0.0827029  0.00376137  0.00236477 -0.00797026 -0.00218123 -0.00986052  -0.0171381
     366.1 -0.0982649  0.0733877 -0.0925697  0.00402847 0.000713793  -0.0106843 -0.00238611   -0.012583  -0.0213124
   366.199 -0.126677 0.0653344  -0.10331 0.00773324 0.00229032 -0.0137631  0.00183229 -0.00115878  -0.0260635
   366.299 -0.0981242   0.108437  -0.191203 0.00353786 0.00868506 -0.0129842 -0.00640726   0.0234895 -0.00791928
     366.4  -0.103906  0.0398203 -0.0857541  0.00357411  0.00380957 -0.00935215 -0.00676369 -0.00367769   0.0167916
     366.5  -0.101022  0.0912703 -0.0990413   0.00364844 -0.000484716    -0.007581 -0.00861013  -0.0193845   0.0176566
     366.6 -0.0953133  0.0644047 -0.0738116   0.00161784 -0.000432484  -0.00949953  -0.0115163  -0.0102675 -0.00201095
   366.699 -0.0704655   0.141688  -0.147762  0.00088181  0.00135659 -0.00464011 -0.0120373 0.00236598   0.024935
   366.799 -0.0771707  0.0303508  -0.105867 0.000827821  0.00317666 -0.00373406 -0.0118754  0.0109032  0.0151223
     366.9 -0.0771841   0.044062  -0.101195 0.000329461  0.00362185 -0.00551665  -0.0118984   0.0101651 -0.00353309
       367 -0.107288 0.0911364 -0.111817 0.00383033 0.00183032 -0.0122004 -0.00684182 0.000532223  -0.0369732
     367.1 -0.121766  0.124226 -0.128235  0.00747181 0.000927386  -0.0113046 -0.00232065 -0.00122667  -0.0116713
   367.199 -0.131931 0.0214436 -0.081281 0.00498205  0.0035829 -0.0139842 -0.00942283   0.0121622  -0.0208295
   367.299 -0.135479  0.100585 -0.108426 0.00457994 0.00141473 -0.0151149   -0.0121781 -0.000835988   -0.0162762
     367.4  -0.146699  0.0604679 -0.0873556  0.00407581 0.000431251  -0.0140118  -0.0132034 -0.00251581 -0.00109206
     367.5 -0.107253  0.130784 -0.117551  0.00309273 -0.00225905 -0.00960353 -0.0159034 -0.0127651   0.023422
     367.6  -0.144148  0.0508839 -0.0390207  0.00491721 -0.00480473  -0.0115664  -0.0130174  -0.0171143 0.000235217
   367.699  -0.116343  0.0980988 -0.0520323  0.00177565 -0.00837695  -0.0134269  -0.0176932  -0.0250375 -0.00927601
   367.799   -0.12449  0.0734644 -0.0943056  0.00216107 0.000738992  -0.0143933  -0.0161187   0.0207021 -0.00805832
     367.9 -0.127954 0.0844434  -0.12657 0.00357501 0.00209689 -0.0123552 -0.0142994  0.0190869 0.00764741
       368 -0.118328 0.0735311 -0.110125 0.00209097  0.0029323 -0.0128377 -0.0159841  0.0155658 0.00262757
     368.1  -0.148481  0.0853561 -0.0460068  0.00478963 -0.00718025  -0.0139133  -0.0118284  -0.0263527 -0.00372987
   368.199 -0.108294 0.0976956 -0.114694  0.00296725 -0.00199894  -0.0101153 -0.0140956 0.00398001   0.019792
   368.299  -0.121913   0.102558 -0.0505817  0.0041361 -0.0065935 -0.0111407  -0.011904 -0.0131841 0.00442942
     368.4   -0.165128 -0.00096903  -0.0410491  0.00688858 -0.00262586  -0.0181328 -0.00894745  0.00859958  -0.0353828
     368.5  -0.186388  0.0986243 -0.0764631    0.008021 -0.00368831  -0.0219622 -0.00811379  0.00120726  -0.0355278
     368.6   -0.19223  0.0419328 -0.0468436   0.0078965 -0.00335721   -0.020609 -0.00993136  0.00349324 -0.00843214
   368.699 -0.213202 0.0912586 -0.141447   0.00491645 -0.000903571   -0.0169831 -0.015625 0.0103205 0.0146418
   368.799  -0.224639  -0.015803 -0.0278159  0.00735439 -0.00828117  -0.0150701 -0.0113039  -0.016899  0.0184403
     368.9 -0.211723 0.0634319 -0.136174  0.00459531 -0.00313146  -0.0144386 -0.0160642 0.00873911  0.0112104
       369  -0.215172 -0.0406129  -0.100341 0.00530804 0.00141899 -0.0147391  -0.015199  0.0255202 0.00389701
     369.1  -0.245417 -0.0291572  -0.110966  0.00626307 0.000138054  -0.0161614  -0.0156869   0.0125252 -0.00545892
   369.199   -0.29918  -0.110933 -0.0810023 0.00792473 0.00215063 -0.0193488 -0.0131141   0.016076 -0.0201312
   369.299  -0.294028 -0.0506587  -0.109676 0.00606096 0.00160073 -0.0162491 -0.0172809 0.00711076 0.00803068
     369.4  -0.321261 -0.0695039 -0.0811547   0.0043598 -0.00102396  -0.0166295  -0.0190433 -0.00412946  0.00167654
     369.5 -0.315794 -0.038857  -0.10338  0.0074109  0.0010823 -0.0157499 -0.0135601 0.00528923 0.00562228
     369.6  -0.326784 -0.0738686 -0.0606911 0.00552175 0.00202156 -0.0129211 -0.0167881 0.00626602  0.0181766
   369.699   -0.31152 -0.0419348 -0.0821121  0.00335993 -0.00180715  -0.0113059 -0.0195296 -0.0104966  0.0176533
   369.799  -0.346179  -0.061521 -0.0827823 0.00514687  0.0015905 -0.0166029 -0.0162616 0.00797709 -0.0202466
     369.9  -0.361484 -0.0136367 -0.0782107  0.00722549 -0.00368876  -0.0206823 -0.0132212  -0.014358 -0.0313344
       370  -0.336478 -0.0434137 -0.0864408   0.00768083 -0.000549222   -0.0199796  -0.0141386  0.00420386 -0.00979848
     370.1  -0.320375 -0.0100226 -0.0828696  0.00487449 -0.00577212  -0.0202195  -0.0199238  -0.0183661 -0.00514676
   370.199  -0.374414 -0.0718842 -0.0950553 0.00830894 0.00105404 -0.0215034  -0.0143575   0.0151997 -0.00876983
   370.299  -0.299133 -0.0426522 -0.0824796  0.00130407 -0.00643132  -0.0163563 -0.0250278  -0.021296  0.0231052
     370.4 -0.326143 -0.111183 -0.119222  0.0020511 0.00330586 -0.0148854 -0.0200995  0.0252679   0.017844
     370.5  -0.347455 -0.0359096  -0.184026 0.00782512 0.00798425   -0.01712   -0.012105   0.0323928 -0.00365236
     370.6   -0.36659 -0.0912287  -0.102409  0.0100431 0.00459676 -0.0219653 -0.00985839   0.0080404  -0.0262693
   370.699  -0.312012 -0.0404248 -0.0733774  0.00515483 -0.00431458   -0.018556  -0.018493 -0.0311883 0.00645446
   370.799  -0.407529 -0.0589573  -0.112379  0.00792223 -0.00392882  -0.0209422 -0.0150937 -0.0171349 -0.0087461
     370.9   -1.14557  -0.267114 -0.0850911  0.00806149 -0.00332163  -0.0226182 -0.0347582  -0.012069 0.00298891
       371 -4.32958 -1.29721 -1.17926  0.00687054 -0.00103153  -0.0110459 -0.0249881  0.0113003  0.0915615
     371.1  -5.37491  -1.25848 -0.402164    0.0125535 -0.000254251   0.00370751 -0.00737594   0.0194811    0.169983
   371.199  -8.73303  -2.17422 -0.356775   0.0147582 -0.00359101   0.0281669 -0.00180307 -0.00489154     0.26179
   371.299  -12.6657  -1.95693 -0.185199   0.0121223 -0.00382587   0.0591908 -0.0291581 -0.0162532   0.304915
     371.4 -16.2739 -2.81457 -1.67302 0.00655854 0.00378873   0.101838  -0.0779516 4.98738e-05    0.363994
     371.5 -19.0255 -3.73124 -4.11766 -0.00666382 -0.00846105    0.144909 -0.117411 -0.067238  0.382431
     371.6 -19.6813 -4.05728 -7.47993 -0.00668539  -0.0164031    0.148365 -0.0724134 -0.0898868   0.119693
   371.699 -17.3492 -4.16373 -11.4379 -0.00231589  -0.0333334    0.144274 -0.0490974  -0.110289 -0.0428163
   371.799 -14.1324 -4.30514 -14.1323 -0.00599442  -0.0330758    0.135545 -0.0223493 -0.0281421 -0.0918656
     371.9 -11.4209 -5.05606 -15.1237 -0.00987975  -0.0179838    0.134915  0.0452997  0.0864842 -0.0225237
       372 -10.0058 -5.52285 -12.5095 -0.0101816 -0.0129113     0.1468 0.0909278  0.109505 0.0940618
     372.1 -9.14528 -5.68643  -7.3363 -0.00276595 -0.00439159    0.152155  0.124947  0.132632 0.0926903
   372.199 -8.85129 -4.97876 -1.76943 0.00137571 0.00705972   0.163276 0.131659 0.143554 0.124664
   372.299 -9.16855 -4.59723  4.82438 0.0125917 0.0317654  0.169209  0.127305  0.202805 0.0792816
     372.4 -8.15762  -3.9063  13.2409 0.0358111 0.0471223  0.170536  0.122908  0.180107 0.0281639
     372.5 -7.93039 -4.90094   20.885 0.0414751 0.0788734  0.166341  0.0746103   0.185883 0.00157945
     372.6 -12.1563 -6.08518  26.7971 0.0440194 0.0894829  0.171662 0.0347406 0.0731951 0.0814817
   372.699 -18.3439 -4.66038  29.3741  0.041489 0.0682006  0.192772 -0.0216985  -0.118704   0.175638
   372.799 -24.5243 -2.97234  28.0955 0.0309343 0.0539418  0.230377 -0.160657 -0.216729  0.255481
     372.9 -28.4904 -1.38589  20.8771 0.0222341 0.0299681  0.240495 -0.211555 -0.313249 0.0583554
       373 -27.1467 0.907064  11.4591  0.00142684 -0.00102846    0.251798  -0.298084  -0.322988 -0.0262658
     373.1 -24.6723  1.38823 0.674425 -0.0233206 -0.0248277   0.246251 -0.279617 -0.227626 -0.109827
   373.199  -19.5052 -0.722526   -5.8846 -0.0416157 -0.0235499   0.242278  -0.147754 0.00224672  -0.103159
   373.299 -14.9605 -3.43104 -5.98325 -0.0370783 -0.0246534   0.217789 0.0256486 0.0959886 -0.191236
     373.4 -10.2409 -5.82882 -2.83745 -0.0231708 0.00130368   0.194049  0.142991  0.218586 -0.205996
     373.5 -6.53293 -7.15849   2.2477 -0.0083889  0.0342721   0.177779  0.172781  0.280871 -0.127747
     373.6 -4.35774 -7.40591  8.75609 0.0119462 0.0550203  0.163433   0.179328   0.271194 -0.0974585
   373.699 -1.87214 -6.76334  17.2654 0.0225051 0.0753429   0.16831  0.149113  0.229953 0.0265701
   373.799 -0.687464  -6.15729    26.619 0.0375569 0.0972859   0.16064   0.118506   0.194439 -0.0113659
     373.9 -0.801247  -6.26812   37.2927 0.0472639  0.114856  0.162649 0.0759788  0.174142 0.0230371
       374 -3.74722 -11.3066  47.6953 0.0729378   0.12953  0.204127 0.0429141 0.0742142  0.320476
     374.1 -11.0231 -16.4671  54.4493 0.0902025  0.142186  0.257457 -0.0256222 -0.0496288   0.477754
   374.199 -16.5449  -18.634  54.4379 0.0500328  0.143754  0.330348 -0.250386 -0.242369   0.55886
   374.299 -25.0716  -17.467  46.8271 0.0597582  0.113492  0.337586 -0.0944491  -0.444008   0.144674
     374.4 -29.8958 -16.1474  34.3976 0.0479347 0.0864066  0.313578 -0.0957097  -0.445116  -0.198817
     374.5 -31.1093 -14.2415  21.8073 0.00439281  0.0586194   0.270295 -0.170165 -0.337089 -0.306429
     374.6 -29.4279 -11.8291  12.3053 -0.0208485  0.0311213    0.23607 -0.138763 -0.219518 -0.311964
     374.7 -24.8371 -9.69315  6.88096 -0.0381868  0.0204459   0.220412  -0.102801 -0.0792096  -0.238824
   374.799 -19.6177 -8.98669   5.9393 -0.0325446   0.033046   0.190545 0.00137231   0.122465  -0.288619
     374.9 -13.4226 -8.31964  9.34619 -0.0359151  0.0514861   0.172328 0.0341175  0.241861 -0.189429
       375 -8.21129 -7.38866  15.4563 -0.0299868  0.0700276    0.15969 0.0808144  0.301578  -0.09043
     375.1 -4.22092 -6.39121  23.7371 -0.0217935   0.112654   0.144306 0.0993999  0.390148 -0.071198
   375.199 -2.48405 -5.55866  32.2507 -0.0108977   0.148068   0.126972  0.0950983    0.34161 -0.0954231
   375.299 -1.34941 -4.07185  40.8482 -0.00350364    0.179094      0.1574 0.0580172  0.267536  0.160148
     375.4 -2.10468 -5.26604  48.3606 0.011222 0.199194 0.181377 0.0512225  0.124216  0.243348
     375.5 -5.84589 -8.51092  55.3889 0.00399339   0.218389   0.208426 -0.0563542  0.0304986   0.286933
     375.6 -10.1892 -13.6994  56.4513 -0.00927371    0.239129    0.252009 -0.152085 -0.119207  0.358353
   375.699 -16.4733 -14.5538  50.6739 -0.00497599    0.204265    0.273058 -0.0735181  -0.365771   0.267372
   375.799 -22.1374 -12.7519  42.7117 -0.000191084     0.170062     0.278279 -0.0603827  -0.445749  0.0914751
     375.9 -26.2058 -8.92916  34.4555 -0.0129051   0.137239    0.25709 -0.0916577  -0.410005 -0.0932056
       376  -28.777 -5.19999  25.6582 -0.0408068   0.109183   0.248178  -0.195901  -0.343575 -0.0778226
     376.1 -29.7869  -1.1822  16.7106 -0.0617012  0.0727152   0.270818 -0.304353 -0.358704 0.0328371
   376.199 -28.444 2.95833 7.61015 -0.0930081   0.052446   0.276202  -0.362458   -0.29107 0.00895787
   376.299 -27.6144  6.61426 -2.03324 -0.124959 0.0248744  0.283764  -0.381322  -0.248879 0.00540747
     376.4 -26.1909  8.27293 -10.7667  -0.14961 0.0117048  0.284551  -0.346298  -0.154951 -0.0579526
   376.499  -24.497  8.97209 -19.5899  -0.185025 -0.0559728   0.290947  -0.418764  -0.314614 -0.0593935
   376.599 -22.5981   10.383 -27.3448 -0.218416 -0.103156  0.300894  -0.42229 -0.322326 0.0222181
     376.7 -20.3397  11.5681  -34.772 -0.245115 -0.113279  0.305421 -0.308933 -0.182786  0.044078
     376.8 -18.0269  12.4833 -40.7565 -0.254987 -0.116333  0.303976  -0.158058 -0.0800055  0.0154629
     376.9 -16.2237   13.476 -46.0346 -0.228859 -0.110103  0.281576 0.0843979 0.0317878 -0.149775
   376.999 -14.2808  13.7282 -51.0914  -0.206945 -0.0734629     0.2729 0.218735 0.166482 -0.11421
   377.099 -12.3845  13.2435 -56.2795  -0.223909 -0.0669724   0.293535 0.0744788  0.164151 0.0703417
     377.2 -10.7109   13.625 -61.7567  -0.225902 -0.0774507   0.267898 0.0618027  0.097638 -0.121911
     377.3 -8.86463  13.3893 -67.3861  -0.242611 -0.0694537   0.274939 -0.00987791    0.104532 -0.00270329
     377.4 -5.74783  13.1821 -73.9597  -0.236062 -0.0515641    0.28038 0.0260109  0.152156 0.0642871
   377.499 -2.31988  11.8239 -80.4014  -0.251318 -0.0535356   0.284563 -0.0573501   0.152341 0.00947298
   377.599 -0.525798   10.2931  -86.6937   -0.26813 -0.0397177   0.275459 -0.0949901   0.161608  -0.073311
     377.7 0.123464 -9.03415  87.8167  -0.283721 -0.0371676   0.279098  -0.107877   0.176352 -0.0322901
     377.8 -0.197618   8.30807   82.3039   -0.29224 -0.0283373   0.276013  -0.080942   0.214361 -0.0425203
     377.9 -0.375628   8.21634   77.2575  -0.298826 -0.0282452   0.263039 -0.0133648   0.203684 -0.0999526
   377.999 -0.741824   8.45792   72.9282  -0.297991 -0.0298471   0.257349 0.0440307  0.167226 -0.056318
   378.099 0.113336 -9.40916  68.7554  -0.300754 -0.0165725   0.259966   0.0810305    0.190901 0.000457677
     378.2 0.967154 -9.93858  64.5846    -0.300331 -0.000110012     0.271397  0.116859  0.211451 0.0754241
     378.3  2.18155 -9.98791  60.8158 -0.303996 0.0181662  0.280998  0.134413   0.25271 0.0712983
     378.4  3.04303 -9.63122  56.0184 -0.29374 0.032848 0.284525  0.199264  0.215635 0.0312986
   378.499 3.72528 -9.3353 52.0345 -0.297706  0.049326  0.279672   0.208865   0.202875 -0.0283585
   378.599  4.64601 -8.57559  47.9311 -0.283572 0.0646688  0.281149     0.263881     0.177698 -1.87516e-05
     378.7   5.4526 -7.55714  44.4867 -0.254125 0.0633275  0.292935  0.353277 0.0802544 0.0793379
     378.8  6.87097 -7.09419  41.7073 -0.240744 0.0687095  0.298355  0.358349  0.101373 0.0303309
     378.9   7.2424 -6.41594   40.051 -0.219409 0.0720046  0.305699  0.345967  0.109699 0.0520177
   378.999  9.42021 -7.34192  37.6216  -0.21457 0.0881461  0.315416  0.251548  0.198348 0.0454145
   379.099   11.494 -8.84679  35.0712 -0.205016  0.105462  0.336075 0.247395 0.229681 0.113605
     379.2  15.6356 -11.1012   32.907 -0.191097  0.121035  0.354679 0.292088 0.219252 0.137724
     379.3   18.77 -12.842 31.0366 -0.172191  0.125137  0.359438  0.260185  0.115874 0.0575966
     379.4  21.0226 -14.3428  30.5549 -0.163025  0.135957   0.33323  0.185068 0.0494666 -0.123185
   379.499   23.135 -15.2605  31.6025 -0.154776  0.125872  0.315566   0.171607 -0.0829457  -0.142146
   379.599  27.5082 -18.3887  32.8238 -0.152951  0.124346  0.319136   0.167363 -0.0660617  -0.068001
     379.7  30.1319 -19.8295  33.9271 -0.145093  0.113718   0.31953   0.128399  -0.123209 -0.0416959
     379.8  33.5716 -21.1855  36.0744 -0.137722 0.0972303  0.327727  0.166384 -0.100173 0.0171779
     379.9  38.1523 -23.6836  37.9887 -0.139972 0.0973476  0.325426   0.111471 -0.0389281 -0.0382307
       380  41.9649 -31.3676  40.1785 -0.155325 0.0875929    0.3217 0.0246558 -0.106962 -0.118698
   380.099  43.4795 -35.7809  41.8223 -0.142826 0.0823314  0.333103    0.13134 -0.0396683 -0.0375518
     380.2  44.5812 -39.2467  43.9312 -0.139772 0.0773161  0.336133   0.131931  -0.037028 -0.0136348
     380.3  46.1046 -44.4105  47.1665 -0.129519  0.065277  0.341085   0.163441 -0.0826696 0.00208294
     380.4  48.1308 -48.6797  51.4216 -0.142819 0.0428446  0.334621  0.0572144  -0.170904 -0.0336486
     380.5  50.2547 -52.2982  56.5909 -0.156378 0.0221577  0.331514  -0.012993  -0.202544 -0.0236342
   380.599  50.1884 -57.6878  63.9043 -0.182338 0.0232976  0.335655  -0.106932 -0.0977018 0.00822301
     380.7  43.8358 -63.3055   75.822 -0.167252 0.0275045  0.345859 0.0164096 0.0295953 0.0422687
   380.799  31.7571 -69.3026 -85.3408 -0.161097 0.0176605  0.358277 0.0955068 0.0174888 0.0434865
   380.899  7.17475 -72.7812 -53.4386    -0.15519 -0.00973511    0.365359   0.151188 -0.0579219  0.0198867
       381 -17.3158  71.4889 -21.2769  -0.135247 0.00856364   0.372559   0.193747   0.123557 0.00593988
     381.1 -32.0311  67.3142  1.11407 -0.0980799  0.0366259   0.364019   0.246857   0.234105 -0.0632452
     381.2 -41.1018  62.8107  18.0989 -0.0674531  0.0627922   0.349679  0.239701  0.256636 -0.105771
   381.299 -42.9719  56.5472  28.0941 -0.0392556  0.0764138   0.333299  0.237891  0.169111 -0.142339
   381.399 -41.0693  48.7189  34.4529 -0.014929 0.0796226  0.319096  0.220224 0.0926186  -0.13766
     381.5 -37.9464  41.1843  37.6509 0.000287657   0.0913879    0.308513 0.139501 0.103018 -0.12995
     381.6 -33.696 35.2249 38.9685 0.0118582  0.102051  0.289699  0.111453  0.131197 -0.164636
     381.7 -29.4703  32.2621  41.7348 0.0226724  0.108522  0.285901  0.0708367   0.125978 -0.0763114
   381.799 -24.9088  27.5405  44.1737 0.0219497  0.122036  0.291411 0.0144168  0.153593 0.0171665
   381.899 -20.1724  22.7619  48.0118 0.0210556  0.142603  0.290636  0.0163991    0.18538 0.00383943
       382 -17.4173  19.2437  54.1687 0.0141406  0.166693  0.285946  -0.0172375    0.226754 -0.00243899
     382.1 -16.9208   13.986  60.2787 0.00987701   0.205344   0.266891  -0.036294   0.218295 -0.0939187
     382.2 -14.9178  10.1652  65.9871 0.00488719   0.218613   0.267388 -0.0392764   0.138571 -0.0214064
   382.299 -19.4495 0.803626  67.8262 0.026073 0.220984 0.276521  0.0478481 -0.0200949   0.120232
   382.399 -27.3349 -9.58053  65.2825 -0.025955  0.255154  0.305999 -0.231566 -0.137126  0.234452
     382.5 -34.2555 -14.9471  58.1577 -0.0469801   0.237549    0.33135 -0.271227  -0.32842  0.178006
     382.6 -40.9321 -16.8744  47.4399 -0.0287973   0.197712   0.334972 -0.0609627  -0.485827  0.0495731
     382.7 -44.3871 -13.4616  35.9105 -0.00165431    0.138168    0.357234 0.0326096 -0.636945 0.0322262
   382.799 -47.0266 -5.97694  25.3032 0.0192735 0.0769069   0.34281   0.105504  -0.617831 -0.0519251
   382.899 -48.5029  3.14837  16.1981 -0.0548927  0.0706837   0.318595  -0.214979  -0.300514 0.00826108
       383 -47.7374  11.1557  8.61157 -0.0740918  0.0510495    0.31084   -0.212892   -0.190277 -0.00446704
     383.1 -43.9569  17.1268  1.74106 -0.0908168  0.0136181   0.315033  -0.211757  -0.217657 -0.0174634
     383.2 -39.7018  21.7732 -5.16058  -0.110987 -0.0099664   0.316205   -0.208052   -0.162811 7.04859e-05
   383.299 -37.4009  25.3965 -10.1215   -0.13264 -0.0175001   0.324229 -0.199991 -0.043831 0.0607381
   383.399 -37.9908  27.9979 -13.1663  -0.147412 -0.0233994   0.323461  -0.140727 -0.0468594  0.0186074
     383.5 -36.0171  29.8228 -17.6849 -0.169438 -0.034454  0.330044  -0.149251 -0.0837322  0.0330796
     383.6 -31.3471  31.1061 -24.5452  -0.182739 -0.0339935    0.33269  -0.098817 -0.0524641  0.0378574
     383.7 -24.8892  31.1393  -31.254   -0.169521 -0.00892734    0.329573 0.0717626 0.0700904 0.0171964
   383.799   -19.23  29.2861 -33.8631 -0.165098 -0.010959  0.315993   0.139513  0.0401427 -0.0510651
   383.899 -13.9583  26.2998 -34.7052   -0.158923 -0.00881611    0.307866   0.172199 0.00570983 -0.0636534
       384 -6.76565  23.0509 -37.7397  -0.158659 -0.0223724   0.290151   0.134993 -0.0671686  -0.130901
     384.1 -2.68862  20.5661 -39.4888  -0.152749 -0.0227317    0.27995   0.136537 -0.0369395 -0.0826914
     384.2  1.38102 -19.5237  -41.218  -0.154248 -0.0244315   0.279738   0.126045 -0.0313876 -0.0116683
   384.299  5.38228 -20.3408 -41.4462  -0.151282 -0.0194503   0.275803   0.186388   0.040243 -0.0184602
   384.399  7.58609 -21.5511 -37.0275   -0.137662 -0.00090753    0.270574   0.281104   0.135738 -0.0419732
     384.5  7.83888 -23.7461 -30.8796 -0.114683 0.0200277  0.260026   0.301451   0.165258 -0.0682664
     384.6  6.63708 -25.7663 -26.3458 -0.104469 0.0379623  0.259175   0.184766   0.117804 -0.0112224
     384.7  7.20882  -26.361 -31.3577 -0.110289 0.0414338  0.272145 0.00159876   -0.06567   0.066018
   384.799  8.89701 -25.8389 -40.7718 -0.114828 0.0205314  0.271822 -0.125056 -0.158063  0.040489
     384.9  8.99187 -24.0567 -49.0738    -0.13865 0.000422911    0.268458  -0.209116  -0.179603 0.00831678
   384.999  9.08372 -22.2658 -57.9447   -0.157317 -0.00888648    0.285497  -0.203487 -0.0931426  0.0897743
   385.099  9.32129 -20.5182   -65.71   -0.166827 -0.00797456     0.30529   -0.1255 0.0388738  0.120025
     385.2  9.42144 -18.6808 -72.7421   -0.193662 -0.00673759    0.299821  -0.151999  0.0822669 -0.0116589
     385.3  9.37559 -16.6232 -79.3358   -0.208251 5.73386e-06    0.301283 -0.0930023   0.137522  -0.007875
     385.4  9.22576 -15.6138 -85.6934  -0.230499 0.00877725   0.306583 -0.0869168   0.192563  0.0183224
   385.499  9.31825 -14.8914  87.5135 -0.241497 0.0192837  0.305209 -0.0688004   0.238664 -0.0204318
   385.599  9.48831 -14.3028  80.5257 -0.259709 0.0366062   0.30212 -0.0738634   0.239566 -0.0382964
     385.7  9.58243 -13.7323  72.3847 -0.210018  0.026321  0.303435   0.206715    0.14887 -0.0334714
     385.8  9.33528 -12.5141  64.4813 -0.176734 0.0256316  0.295431    0.32281  0.0906294 -0.0744864
     385.9  9.19249 -11.1752  56.7052 -0.163415 0.0344567  0.294794   0.360205   0.112604 -0.0399922
       386  10.3394 -10.3234  49.9285  -0.14479 0.0414653  0.299942  0.403664  0.107675 0.0175998
   386.099  12.7164 -8.92641  43.4517 -0.132016 0.0513701  0.301232   0.370682   0.138611 0.00489137
     386.2  15.8331 -6.94724  35.9804 -0.122957 0.0667932  0.305673   0.324264   0.196529 -0.0113339
     386.3  18.2065 -5.09519   29.302 -0.113942 0.0835913  0.308944    0.316561    0.236309 -0.00645482
     386.4  20.7978 -2.95035  21.8544 -0.0956745  0.0953785   0.316007     0.355471     0.206494 -0.000983655
     386.5  22.4359 -1.07418  14.9759 -0.0895907   0.100688   0.350019  0.379855   0.14978 0.0840773
   386.599  23.0451 0.526488  8.79682 -0.0592439   0.104633   0.310154  0.293104 0.0725991 -0.154197
     386.7  23.291 1.91745 3.24899 -0.0530948   0.102561   0.292192   0.22556 0.0127895 -0.182671
     386.8  23.0389  3.85245 -1.65277 -0.0514268   0.127424   0.309563   0.213047  0.0874227 -0.0573233
     386.9  22.4163  4.84054 -6.42868 -0.0429132   0.125392   0.325767  0.202845 0.0193646 0.0231755
   386.999  20.0351  7.68291 -11.0409 -0.00947902    0.186213    0.374608 0.306044 0.194747 0.194366
   387.099  19.1023  8.33375 -15.0704 0.000857743    0.193704    0.398575  0.243877 0.0702282  0.180716
     387.2  18.5433  9.57211 -18.2343 -0.00243021    0.200999    0.372315    0.100888 0.000457515  -0.0707278
     387.3  16.7263  11.8116 -20.9089 0.00885038   0.231985   0.400943   0.150058 -0.0110445  0.0743558
     387.4  19.2476   13.842 -25.2351 0.00100442   0.218693   0.397069 0.0391549 -0.174198 0.0168324
   387.499  17.6936  16.9959 -29.1318 -0.00202883    0.213616    0.394118  0.0596862  -0.283738 -0.0418736
   387.599 16.3825 20.4325 -33.965 0.0175306  0.211111    0.3992   0.113639  -0.375859 -0.0666584
     387.7  17.1048  19.8844 -39.0578 0.0496629  0.259804  0.396659  0.223362 -0.295063 -0.127322
     387.8  17.0213  20.3534 -42.9411 0.0886567  0.283541  0.391784  0.293681  -0.26818 -0.166092
     387.9 15.4665 20.8918 -48.223 0.131491 0.318018 0.388421  0.302054  -0.19225 -0.203646
       388  11.9453   18.518 -54.5196 0.106064 0.294344 0.382348 0.0610788 -0.389092 -0.193964
   388.099 8.26671 14.7055 -58.565 0.106296 0.267166  0.40016 -0.000526875    -0.512176   -0.0638089
     388.2  5.87109  10.9371 -61.9349 0.0681511  0.249468  0.444381 -0.121862 -0.646675   0.12694
     388.3 3.45101 7.26505 -65.577 0.0647687  0.260678  0.436429 -0.0406849  -0.608175 -0.0511437
     388.4  2.01481  3.03232 -69.6011 0.0694319  0.258106  0.417717 0.0338048 -0.656148 -0.137651
     388.5 0.806588 0.985559 -75.2185 0.0771422  0.255511  0.402776 0.0758584 -0.717274 -0.151886
   388.599  1.30466  1.47673 -78.1817 0.0587153  0.248628   0.39219 -0.0565133  -0.790426  -0.108775
     388.7  2.41301   5.2396 -77.3699 0.0523996  0.239692  0.399485 -0.0710032  -0.844054 -0.0203763
     388.8  4.68876  10.4719 -73.9849 0.0661155  0.240494   0.41884 0.0266485 -0.841485 0.0372505
     388.9  7.84654  15.7623 -69.4577 0.0766816  0.233427  0.451347 0.0783152 -0.889321  0.113861
       389  12.0204  21.8151 -63.1567 0.103883   0.2303 0.454192   0.148411  -0.809857 -0.0360948
   389.099  16.9771  24.8786 -53.9978 0.113926 0.225096 0.411184 0.0700393 -0.642793  -0.31087
     389.2  20.3623   24.709 -43.2961 0.133569 0.251598 0.362939  0.102687 -0.394767 -0.531807
     389.3   12.756  18.1282 -46.1882 0.132652 0.279705 0.355145  0.191577 -0.336283 -0.552231
     389.4  7.81501  12.0358 -52.0272 0.117685 0.280278  0.36692  0.135648 -0.438343 -0.269264
     389.5  6.15342  9.88581 -52.8669 0.105868 0.270932 0.420745 0.0976461 -0.569203  0.127981
   389.599 2.34215 5.69459 -56.272 0.0953525  0.266509  0.452326 0.0675483 -0.608166  0.144679
     389.7 0.530662  2.50109 -56.7974 0.0818268  0.259206  0.443721 0.0251711 -0.655547 0.0386833
   389.799  2.80771  4.40897 -52.9725 0.0731601  0.254398  0.440589 0.000695334   -0.670762    0.009818
   389.899  6.71768  7.47686 -45.5742 0.0726685  0.260374  0.438955  0.0362306   -0.65117 -0.0217024
       390  9.70359  10.2442 -38.5689 0.0561994   0.25881  0.407551 -0.00493983   -0.595757   -0.212731
     390.1  12.8801  13.2677 -30.6107 0.0491226  0.253749  0.397028 -0.00847829   -0.562867   -0.212736
     390.2  17.2869   13.137 -21.7796 0.0345186  0.234076  0.406579 -0.0482962  -0.616071  -0.126628
   390.299  22.0743  13.1315 -9.63984 0.0250607  0.219001  0.418627 -0.0645624  -0.590645 -0.0632593
     390.4 26.6611  10.062 2.64942 -0.00260064    0.180554    0.431126  -0.168787  -0.661311 -0.0213573
     390.5   32.9981 -0.819874   11.2721 -0.0414459   0.115052   0.318839 -0.398624 -0.766283 -0.449132
   390.599  35.3839 -4.82153  22.0301 -0.0720727  0.0922048   0.290324 -0.320849  -0.55312 -0.377043
     390.7 35.3777 -8.3092 31.6341 -0.0858982  0.0849325   0.292411 -0.154268 -0.370595 -0.166433
   390.799  35.1894 -10.4906  42.3392 -0.0849088  0.0747513   0.301932  -0.0463046   -0.243108 -0.00945949
   390.899  34.3793 -12.2905  49.3478 -0.085883 0.0613144  0.307908 -0.0170274  -0.168533  0.0334622
       391  32.5249 -12.5884  53.9548 -0.0832195  0.0480393   0.311396 0.00995386   -0.16365  0.0467048
     391.1  30.2944 -12.3005  60.1261 -0.0908629  0.0411261   0.309757 -0.0233895  -0.162425  0.0252566
     391.2  29.6252 -13.1233   69.721 -0.103152 0.0305264  0.303637 -0.0410177   -0.17396 -0.0166473
   391.299  29.3297 -15.3948   81.301 -0.176676 0.0525786  0.310816 -0.301068 -0.115517 0.0426887
   391.399  27.1252 -19.5612 -85.8851 -0.173671 0.0477034  0.317119 -0.130193 -0.070863  0.081985
     391.5  23.7972 -21.4853 -75.1391  -0.14778 0.0368155  0.297638  -0.036327  -0.097912 -0.0163794
     391.6  18.1194 -22.4972 -66.0298 -0.136651 0.0169966  0.291677 -0.0366653  -0.121426 -0.0102148
     391.7  11.6528 -22.3348 -57.1991  -0.142483 -0.0107941   0.282857 -0.0728555  -0.217673 -0.0494277
   391.799  7.14741 -20.4176 -50.2239  -0.151025 -0.0306418   0.294691 -0.0307205  -0.174469  0.0454644
     391.9  1.96642 -18.1231 -39.3209  -0.145113 -0.0485684   0.284194 0.0614754 -0.114801 -0.069034
       392 -1.91336  13.8872  -29.302  -0.134506 -0.0449865   0.273004   0.123804 -0.0399256  -0.093014
   392.099 -4.93134  8.20142 -20.2109  -0.121806 -0.0447574   0.260629   0.151137 0.00726892  -0.100882
     392.2 -6.78837  5.06773 -12.4373 -0.117143 -0.026862  0.254094   0.144399   0.122149 -0.0283947
     392.3 -7.90127  3.32543 -4.27437  -0.107989 0.00370519   0.255156   0.13555  0.211507 0.0113744
     392.4 -7.71736  2.48598   2.7694 -0.105907 0.0208513  0.262178  0.133685   0.15645 0.0608465
     392.5 -6.75008  1.85325  8.28876 -0.093304 0.0376592  0.258822   0.125583   0.123444 -0.0135958
   392.599 -4.95551  1.01972  13.2816 -0.0888366  0.0514197   0.247273   0.118302    0.10324 -0.0905624
     392.7 -3.37948 0.469267  18.4914 -0.0874627  0.0620554   0.240239  0.090755 0.0923762 -0.056648
   392.799 -2.78648 -1.40151  23.2856 -0.0928459  0.0745217   0.240095  0.0836863   0.127296 -0.0383723
   392.899 -0.582101  -2.12092     28.86 -0.0925406  0.0949211   0.235764  0.0805282   0.175959 -0.0370529
       393 -0.0583092   -4.07339    35.5712 -0.0993083   0.117631   0.240631 0.0497824  0.176274 0.0385671
     393.1 -5.90276 -8.21328   38.517 -0.0894573   0.128673   0.252233   0.0600732 -0.00124508    0.152045
     393.2 -17.0268  -12.353  32.2098 -0.0980715   0.115893    0.26736 0.0500059 -0.167448  0.165495
   393.299 -26.6549 -10.7344  21.3065 -0.119584   0.10359  0.284566 0.0164209 -0.204754  0.174213
   393.399 -27.8139 -3.66113  9.84154 -0.116681 0.0595778  0.299938 0.0449167 -0.355043  0.121769
     393.5 -24.2493  1.52204 -1.67704 -0.103645 0.0292815  0.291407   0.101197   -0.37645 -0.0715956
     393.6 -12.0445  3.73173 -12.8681  -0.102631 0.00145579   0.261296  0.089037  -0.34521 -0.253423
     393.7 -1.12014  1.91323 -21.7623 -0.0939204 -0.0310002   0.211921 0.0660064 -0.283993 -0.360748
   393.799  5.09864  1.99296 -23.8084  -0.091789 -0.0166399   0.199162   0.149476 -0.0550822  -0.152771
   393.899  8.82641  4.59805 -18.9226  -0.099752 -0.0176575   0.187237   0.173026 -0.0192951  -0.114741
       394  11.4764  5.02562 -13.7529   -0.0970297 -0.000135813     0.170404  0.195836 0.0474374 -0.135239
     394.1  10.3231  4.67189 -5.18824 -0.0981733  0.0413242   0.171134   0.185745     0.1966 -0.0566691
     394.2 5.76319 3.76005 6.02882 -0.0974464  0.0569436   0.179453   0.14464  0.164923 0.0242843
   394.299 -3.76919  -1.6214  13.7948 -0.101053 0.0718673  0.212238 0.0795548 0.0865081  0.215031
     394.4 -15.4197 -3.50893  16.0453 -0.0972829   0.071139   0.238749  0.0453204 -0.0370674   0.249157
     394.5 -26.2915 -4.88846  14.1825 -0.103227 0.0675891  0.266384 -0.00688776  -0.0970906    0.263746
   394.599 -36.1618 -2.00136  9.40245  -0.10822 0.0613952   0.28059 -0.011902 -0.141133  0.179786
     394.7 -40.8344  4.25249 0.938357 -0.124372  0.035283  0.299874 -0.0910232  -0.240489   0.164765
     394.8 -37.9663   9.2057 -7.96087 -0.127151   0.02192  0.296585 -0.0139083  -0.251068  0.0465248
     394.9 -25.2963  10.4926  -20.933  -0.133431 -0.0390246   0.286271 -0.0214632  -0.440705 -0.0923057
       395 -10.3836  5.01039 -29.9838  -0.128642 -0.0369399   0.255119 0.0865585 -0.218134   -0.1839
   395.099 -3.99088 -1.21582 -24.9934  -0.118225 -0.0254067   0.241921  0.288152 0.0481972 -0.080368
     395.2 -0.56827 -3.65316 -13.8426  -0.114564 -0.0191903   0.203954  0.347862 0.0903854 -0.222563
     395.3  1.78119  3.37345 -2.65781 -0.0987673   0.033406      0.186  0.380686  0.230996 -0.204551
     395.4  2.8068 4.23701  7.8327 -0.0848263  0.0525967   0.192107   0.330003   0.134724 -0.0748419
     395.5 3.42202 6.44119  15.713 -0.0730756  0.0753025   0.188828   0.261161   0.125279 -0.0881089
   395.599 5.57978 8.11344 22.5657 -0.0633159  0.0917425     0.1798   0.174867   0.124628 -0.0782967
     395.7 7.62176 9.54308 30.5029 -0.0651696  0.0985628   0.187882 0.0967184 0.0889553 0.0522833
     395.8 6.94293 10.6968 37.6092 -0.0767368   0.111672   0.201135 0.0261186 0.0969057    0.1322
     395.9 1.90888 14.6588  41.434 -0.0620551   0.111774    0.21788  0.044097 0.0194193  0.182856
       396 -6.33556 -16.8599  40.5397 -0.0599832   0.108325   0.239866 0.0844919 0.0174017  0.178128
   396.099 -5.80279 -14.6609  45.4548 -0.0735217    0.13212    0.24129 0.0422876  0.176533  0.054171
     396.2 -1.89274 -14.5132  52.6012 -0.0778794   0.144502   0.252985 0.0761308  0.132966 0.0533854
     396.3 0.0194909   14.5443   58.7114 -0.0913719   0.162565   0.262213 0.0412995   0.11913  0.112365
     396.4  -3.8149 -18.1189  61.9244 -0.0822793   0.163799   0.269758 0.113793 0.042024 0.141972
     396.5 -10.3231 -23.1804  60.3613 -0.0858023   0.168416   0.272611   0.101278 -0.0421226  0.0448726
   396.599 -12.1838 -25.6857  57.4123 -0.0916626   0.166945   0.282615   0.076797 -0.0116161  0.0284828
     396.7 -6.33988 -21.1138  62.4389 -0.0830859   0.173386   0.285288    0.0791801    0.0457482 -0.000380487
   396.799 -1.00204 -15.0172  66.1952 -0.0770639    0.17263   0.275197   0.132999 -0.0111358 -0.0303186
   396.899 -2.32881 -14.9157  64.5132 -0.0815887    0.17104   0.275428  0.0364507 -0.0615702   0.091518
       397 -16.0993 -19.4487  56.1734 -0.0790468   0.163765   0.292715 0.0210749 -0.126632  0.224271
     397.1 -25.3243 -16.7312  44.1615 -0.0708566   0.154261    0.30776 0.0633288 -0.157168  0.164317
     397.2  -32.577 -8.11029  32.9045 -0.0770886   0.138221   0.307473 -0.0141748  -0.142337  0.0501091
   397.299 -32.7536  2.47651  22.4634 -0.112064  0.142166  0.296821  -0.135116   -0.02829 -0.0588277
   397.399 -27.582 11.8222 9.20454 -0.127904  0.121533  0.290203 -0.162418 -0.157881 -0.172669
     397.5 -19.8974  17.2309 -7.37362 -0.14964 0.109405 0.259383 -0.207663  -0.18826 -0.243151
     397.6  -14.107  18.4429 -22.2403 -0.172481  0.090973  0.245882 -0.207329 -0.166075 -0.119992
     397.7 -9.26727  19.0935 -35.1957 -0.181823 0.0784387   0.24104   -0.11261  -0.142776 -0.0375114
   397.799 -7.02033   21.487 -47.0905 -0.200316 0.0685137  0.243648  -0.11785   -0.0833 0.0522363
   397.899 -9.09834  26.0278   -55.34 -0.211767 0.0724671  0.249951 -0.0562603 -0.0104977   0.094096
       398 -7.25959  29.2018 -64.1243 -0.207581 0.0869452  0.255664 0.0465038 0.0184075  0.109864
     398.1 -3.04165  32.6965 -74.1975 -0.207879 0.0973357  0.260224 0.0602115 0.0257846  0.092899
     398.2   2.2082   -35.65 -84.1721 -0.195306  0.097336  0.257549    0.154125 -0.00169549   0.0345649
   398.299  7.98561 -37.6232  88.1105 -0.191413 0.0982134  0.246322   0.171618 -0.0798286 -0.0206188
   398.399  14.0182 -37.7356  83.2839 -0.177006 0.0931255  0.243136   0.16277 -0.153683 0.0102784
     398.5  18.0046 -37.1775  81.0459 -0.159727 0.0792398  0.242667  0.174913 -0.205145 0.0690967
     398.6  21.9019 -39.6674  81.0603 -0.151827 0.0753026  0.250107  0.164608 -0.180688  0.167663
     398.7  24.2858 -44.8806  84.3349 -0.146553 0.0661391  0.262072  0.118036 -0.161909  0.160461
   398.799  24.8984 -49.4605  87.9403 -0.137325  0.063986  0.272992 0.0981566 -0.104381  0.150902
   398.899  23.0133 -53.3816 -87.4779 -0.145415 0.0524534  0.276649 0.00612352  -0.139283   0.141737
       399  20.6633 -56.3254  -82.321 -0.143406 0.0456215  0.284208 0.0531609 -0.148469  0.170446
     399.1  18.0002 -59.5386 -75.4577 -0.138393 0.0471373  0.297782   0.121245 -0.0521626   0.197173
     399.2  12.9488 -63.3397 -65.7846 -0.124882 0.0542518  0.308842  0.183869 0.0260502   0.17446
   399.299  9.39108 -68.3033  -56.986 -0.120783 0.0441532  0.315958   0.140477 -0.0111266    0.17185
   399.399  -4.1482  73.5627 -40.5998 -0.120713 0.0435851  0.317918   0.085179 0.00995247   0.156365
     399.5 -20.4685  76.5842 -26.2357 -0.126124 0.0704516   0.32731 -0.0373296   0.179361   0.161759
     399.6 -32.1806  78.9413 -18.6748 -0.145702  0.102577  0.331091 -0.151986  0.278415  0.132581
     399.7 -29.7575  80.3044 -26.7372 -0.161768  0.128188  0.323012 -0.179648  0.228143 0.0942171
   399.799 0.593593 -79.3357 -63.8679 -0.191661  0.129998  0.322799 -0.228107 0.0627794 0.0829737
   399.899  20.0142 -70.8648  87.8777 -0.197568  0.144461  0.308477 -0.133413 0.0213446 0.0304347
       400  22.8164 -58.3888  75.3461 -0.240216  0.105801  0.299646  -0.237413  -0.220892 -0.0723492
     400.1 22.0577 -48.398 68.1006 -0.223955 0.0845587  0.290715 -0.00414436   -0.204944  -0.0474722
     400.2 21.3277 -40.738  62.486 -0.191738 0.0576843  0.283037   0.178596  -0.223261 -0.0539388
     400.3  18.8591 -33.2119  58.3708 -0.175098 0.0413566  0.274882   0.182927  -0.182945 -0.0904776
   400.399   14.174 -25.3543  55.3525 -0.178305 0.0317592  0.263737  0.129489 -0.126569 -0.131768
     400.5  8.54607 -17.7271  51.5565 -0.175277 0.0288713  0.261263   0.135212 -0.0651304 -0.0749166
   400.599  4.50009 -10.7442  46.3548 -0.177416 0.0375893  0.277276  0.119059  0.043613 0.0633597
     400.7  1.55267 -7.08391  40.1952 -0.174421 0.0449227  0.271958  0.133617 0.0757267 0.0113267
   400.799 -1.5487 4.61155 33.9048 -0.172166 0.0519927  0.255589   0.108297  0.0814228 -0.0784086
   400.899 -4.88827  1.62034  30.1321 -0.170182  0.059079  0.255836   0.0494765   0.0555231 -0.00700129
       401 -4.06997 0.929393  34.2523 -0.176314 0.0600718  0.248821  0.0080124 -0.0322897  0.0323255
     401.1 -0.0595682   0.505927    39.8406  -0.17456 0.0548284  0.264826  0.0746142 -0.0939922   0.133489
     401.2  5.34566 -0.38021  47.2519 -0.169369 0.0366163  0.283134  0.132759 -0.166425   0.15626
     401.3   11.036 -2.10474  57.3718  -0.16021 0.0184767  0.293635  0.183297 -0.200295 0.0953797
   401.399  15.6753 -4.80158  69.0221  -0.158084 0.00256101    0.29253   0.181211  -0.171303 -0.0137321
     401.5  19.1801 -7.47219  79.9611   -0.155673 -0.00942139    0.285715  0.153396 -0.142834 -0.086284
   401.599  21.5357 -10.3044 -89.9572 -0.221914 0.0128225   0.27369  -0.158277 -0.0803582   -0.14956
     401.7  22.7818 -13.5255  -79.031 -0.212606 0.0110098  0.275198 -0.0289842   0.030246 -0.0713664
   401.799  23.4777 -16.6699 -69.2816  -0.162245 0.00948391   0.268895   0.214224   0.159618 -0.0740241
   401.899  23.9395 -19.8832 -58.1302 -0.12216 0.019421 0.255749  0.275722  0.227027 -0.126947
       402  23.8062 -22.0427 -45.7326  -0.10413 0.0216458  0.223561  0.196992  0.144318 -0.280391
     402.1  22.2191 -22.4614 -33.7319 -0.0778113  0.0168528    0.19292  0.215347 0.0208793 -0.369206
     402.2  20.8602 -20.9778 -25.7124 -0.0476302  0.0323791   0.162312  0.247616  0.032992 -0.387219
   402.299  19.5167 -19.1863 -21.4315 -0.0125254  0.0498647   0.109635  0.211026  0.084447 -0.478631
   402.399  17.1757  -17.221 -18.7978 -0.00039599   0.0376257   0.0646591   0.0812819 -0.00973158   -0.438158
     402.5   13.659 -15.4446 -16.7116 0.00243761  0.0362821  0.0227931  0.0173841 -0.0660722  -0.360542
     402.6  10.8807 -13.1653 -15.4757  0.0110025  0.0411568 -0.0129642 0.00989052 -0.0305926  -0.298567
     402.7  8.98271 -12.1264 -15.2549 0.00574637  0.0258984 -0.0269017  -0.150994  -0.118687 -0.0537684
   402.799  7.85506 -12.4981 -14.9925    0.010428   0.0497117 -0.00940233 0.0795159 0.0560835  0.117199
   402.899  4.78316 -13.9287 -11.9135  0.0055068  0.0150865 -0.0129372 -0.0426254  -0.142988 -0.0184745
       403  4.33823 -3.32705 -13.1753 0.00464754  0.0121685 -0.0124158  0.0846126  -0.212411 -0.0075624
     403.1  -0.501097 -0.0831606    -12.748 0.0110711 0.0286155 -0.039983  0.102793 0.0392247 -0.160995
     403.2  0.151611 -0.393986  -12.5008  0.0143813 0.00248764 -0.0270944   0.0790239   -0.109092 -0.00316255
   403.299  0.155122 -0.459012  -12.6447  0.0138593 0.00721486 -0.0232355  0.0903023 -0.0694013  0.0179692
   403.399  0.150547 -0.443577  -12.5759   0.0125958 0.000252232  -0.0168314  0.0908056 -0.0868315  0.0388982
     403.5  0.123919 -0.453377  -12.5927  0.0190182 0.00538496 -0.0236283   0.111994 -0.0478339 -0.0261148
     403.6  0.141894 -0.504518    -12.63   0.021105 0.00550771 -0.0247182   0.117003 -0.0482377 -0.0229199
     403.7  0.173193 -0.491817  -12.6096  0.0146564 0.00539129 -0.0201356   0.107698 -0.0515001 0.00818497
   403.799 0.0977251 -0.340438  -12.6225  0.0200061  0.0135635 -0.0242381   0.123285 -0.0177174 -0.0256358
   403.899   0.16549 -0.505234  -12.6237  0.0164682  0.0102246 -0.0236623   0.113156 -0.0458902 -0.0146611
       404  0.131537 -0.366213  -12.5551  0.0147395 0.00847431 -0.0226023    0.111422  -0.0530784 -0.00585098
     404.1  0.155152 -0.587962  -12.6008  0.0166466 0.00240934 -0.0207145   0.113067 -0.0736112 0.00367622
     404.2  0.145828 -0.431822  -12.6128   0.012998 0.00890267 -0.0198453   0.112555 -0.0406453 0.00308359
   404.299 0.0378612 -0.400336  -12.6122  0.0200119  0.0102846 -0.0295829   0.125734 -0.0351837 -0.0564522
   404.399    0.1542 -0.581056  -12.6807  0.0179156  0.0138362 -0.0246733     0.12167  -0.0296454 -0.00573943
     404.5  0.161069 -0.554848  -12.6774  0.0139296  0.0112544 -0.0196865   0.113629 -0.0467327  0.0178988
     404.6  0.132575 -0.429812  -12.6033  0.0132548 0.00878312 -0.0212944    0.11089 -0.0534907 -0.0068052
     404.7  0.140164 -0.504649  -12.6276  0.0146041   0.008215 -0.0226184   0.112645 -0.0518322 -0.0142968
   404.799  0.100965 -0.458505  -12.6245  0.0203687 0.00826033 -0.0248564   0.121617 -0.0469659 -0.0228119
     404.9  0.160456 -0.488643  -12.5417    0.0154797 -0.000876766   -0.0191379   0.10773 -0.083933 0.0141971
       405  0.116813 -0.462012  -12.6282  0.0186264 0.00875018 -0.0196853    0.120245  -0.0320048 -0.00224094
   405.099  0.122852 -0.498249  -12.5565  0.0175168 0.00193695 -0.0236349   0.113047 -0.0648293 -0.0281731
     405.2  0.117446 -0.438798  -12.6477  0.0186613  0.0136923 -0.0245662    0.12029 -0.0125103 -0.0236672
     405.3  0.100599 -0.516785  -12.6659  0.0226969  0.0179998 -0.0275707    0.126102 -0.00816285  -0.0320923
     405.4  0.182226 -0.491353  -12.6474  0.0117772  0.0136567 -0.0212817  0.101677 -0.045219 0.0148242
     405.5 0.0736611 -0.437206  -12.6794  0.0154411  0.0186617 -0.0242295   0.109807 -0.0236171 -0.0107002
   405.599  0.101274 -0.486583  -12.6274  0.0170118   0.011198 -0.0240616    0.104061  -0.0578205 -0.00837409
     405.7  0.108818 -0.470551  -12.6782  0.0136035  0.0147169 -0.0243786    0.100787  -0.0415281 -0.00789613
     405.8  0.126243 -0.533716  -12.6926  0.0134501  0.0139923 -0.0216439   0.100881 -0.0447794 0.00714894
     405.9 0.0644183 -0.394145  -12.6334  0.0191108  0.0144899 -0.0302767   0.110402 -0.0375614 -0.0469919
       406 0.0849413  -0.39938  -12.6054  0.0193512 0.00907317 -0.0276137   0.104948 -0.0607741 -0.0102196
   406.099 0.0732882 -0.359368  -12.5291  0.0204835 0.00429368 -0.0267952    0.105038  -0.0717371 -0.00554045
     406.2  0.149639 -0.416655  -12.4974   0.0156735 -0.00227091  -0.0221426  0.0936126 -0.0899287   0.018933
     406.3  0.143837 -0.441887  -12.5247    0.0126859 -0.000418649   -0.0223246  0.0928403 -0.0677359 0.00356178
     406.4  0.135949 -0.464994  -12.5721   0.013962 0.00414074 -0.0245718  0.0991569 -0.0411429 -0.0144895
     406.5 0.116962 -0.51638 -12.6351  0.0169947  0.0117173 -0.0239586   0.107488 -0.0115851 -0.0080424
   406.599 0.0680401 -0.306617   -12.552  0.0156928  0.0107126 -0.0253014  0.0998174 -0.0271205 -0.0167538
     406.7 0.0559254 -0.469545  -12.6466 0.0184553 0.0149678 -0.030987   0.104768 -0.0177274 -0.0433269
     406.8 0.0684578 -0.454455  -12.6479  0.0190294  0.0156191 -0.0312023   0.101619  -0.023618 -0.0254074
     406.9 0.0415164 -0.407704  -12.6941  0.0185968  0.0239088 -0.0308832   0.100232 0.00238573 -0.0176272
       407 0.102348 -0.46481 -12.6284  0.0152581  0.0135363 -0.0261856  0.0851608 -0.0538187  0.0140353
   407.099 0.0271532 -0.380543  -12.6719   0.021762  0.0212935 -0.0304119   0.100768 -0.0170111 -0.0197697
     407.2 0.0323595 -0.410082  -12.6602  0.0223696  0.0184696 -0.0302567  0.0961857 -0.0361411 -0.0111361
     407.3 0.0723974 -0.375505  -12.6489  0.0194707  0.0179295 -0.0289498   0.0883726  -0.0426178 -0.00228276
     407.4 0.0701343 -0.407155  -12.6058  0.0202431  0.0118426 -0.0282868   0.0854568  -0.0650177 -0.00105307
   407.499  0.116778 -0.462788  -12.6132  0.0153608 0.00908421 -0.0256569  0.0772404 -0.0692864 0.00971544
   407.599  0.123136 -0.378586  -12.5457  0.0122837 0.00457354 -0.0224428  0.0723242 -0.0758796  0.0180776
     407.7  0.144814 -0.482379  -12.6559  0.0117514  0.0125179 -0.0198362  0.0792653 -0.0337489  0.0176162
     407.8   0.08664 -0.395017  -12.5426  0.0124384 0.00295615 -0.0238643  0.0764383 -0.0692429 -0.0162359
     407.9 0.0072153 -0.453094  -12.6853  0.0208266  0.0177543 -0.0352552  0.0995523  0.0010307 -0.0715653
   407.999  0.186848 -0.594593  -12.6455  0.0105484 0.00941524 -0.0237668  0.0725042 -0.0515518  0.0241805
   408.099 0.0688496 -0.442738  -12.7555  0.0163947  0.0256589 -0.0267712    0.093405    0.020194 -0.00838272
     408.2 0.0983443 -0.456805  -12.6576  0.0159202  0.0167733 -0.0260086   0.0821904  -0.0358935 -0.00573149
     408.3 0.0757993 -0.427294  -12.6578  0.0159854  0.0159222 -0.0281453  0.0818297 -0.0386773 -0.0183192
     408.4 0.0776762 -0.464724  -12.7057  0.0179583  0.0212036 -0.0305553  0.0873911 -0.0174289 -0.0251194
   408.499 0.0886146 -0.429358  -12.6024   0.016771 0.00980401 -0.0289192   0.0770528  -0.0660858 -0.00627061
   408.599 0.0624354 -0.402159  -12.5928   0.019113 0.00917215 -0.0281534   0.0824381  -0.0550302 -0.00399653
     408.7 0.0880305 -0.464424  -12.6315  0.0180226  0.0101445 -0.0280162   0.0798986  -0.0449417 -0.00632465
     408.8  0.134209 -0.520261  -12.6606  0.0137453  0.0114233 -0.0260568  0.0728001 -0.0383754 0.00253351
     408.9 0.0774297 -0.525696  -12.5812  0.0172851 0.00316039 -0.0325285  0.0748944 -0.0654517 -0.0374952
   408.999 0.0599037 -0.407273  -12.6403  0.0170883   0.012182 -0.0308892  0.0794762 -0.0198908 -0.0109803
   409.099 0.0883624 -0.526631  -12.7099  0.0159131  0.0176676 -0.0304164   0.0762777 -0.00680805 -0.00456231
     409.2    0.0946 -0.481137  -12.7153 0.0175802 0.0212249 -0.023733   0.0791418 -0.00204709   0.0284174
     409.3 0.0899962 -0.498183  -12.6952  0.0167465  0.0191708 -0.0275853  0.0748495 -0.0205961 -0.0110423
     409.4 0.0850135 -0.506945  -12.7004  0.0170114  0.0154862 -0.0302505  0.0720107 -0.0374207 -0.0207312
   409.499 0.0803796 -0.432409  -12.6808   0.017268  0.0197311 -0.0295323   0.0751113  -0.0186658 -0.00740243
   409.599  0.132525 -0.457664  -12.6398   0.013966  0.0142861 -0.0220397  0.0656858 -0.0458995  0.0328836
     409.7 0.0820635  -0.38503  -12.5558  0.0164331 0.00475947 -0.0235457  0.0666476 -0.0746758 0.00417777
     409.8 0.0929661 -0.453225  -12.6805  0.0162785  0.0145301 -0.0273285  0.0728731 -0.0250152 -0.0208136
     409.9 0.0855455 -0.418124  -12.5778  0.0153824 0.00615597 -0.0277415   0.066494 -0.0589936 -0.0143692
   409.999 0.0801214  -0.42423  -12.5742  0.0166959 0.00543531 -0.0276259  0.0695046 -0.0522196 -0.0116242
   410.099 0.0313509 -0.445913  -12.5814  0.0186746 0.00642699 -0.0318077  0.0732448  -0.041598 -0.0308007
     410.2   0.11378 -0.429742  -12.5527  0.0134065 0.00364719 -0.0238993  0.0618089 -0.0521555  0.0245911
