   361.799   180.01 -180.009 -180.012  4.38417e-05  2.59061e-07 -1.66084e-05  0.000645911 -8.87623e-06  0.000572798
     361.9  0 -0  0 0 0 0 0 0 0
       362  0 -0  0 0 0 0 0 0 0
     362.1  0 -0  0 0 0 0 0 0 0
   362.199  0 -0  0 0 0 0 0 0 0
   362.299  0 -0  0 0 0 0 0 0 0
     362.4  0 -0  0 0 0 0 0 0 0
     362.5  0 -0  0 0 0 0 0 0 0
     362.6  0 -0  0 0 0 0 0 0 0
   362.699  0 -0  0 0 0 0 0 0 0
   362.799  0 -0  0 0 0 0 0 0 0
     362.9  0 -0  0 0 0 0 0 0 0
       363  0 -0  0 0 0 0 0 0 0
     363.1  0 -0  0 0 0 0 0 0 0
   363.199  0 -0  0 0 0 0 0 0 0
     363.3  0 -0  0 0 0 0 0 0 0
     363.4  0 -0  0 0 0 0 0 0 0
   363.499  0 -0  0 0 0 0 0 0 0
     363.6  0 -0  0 0 0 0 0 0 0
     363.7  0 -0  0 0 0 0 0 0 0
     363.8  180.004  179.974 -179.987   0.00104819 -0.000684439  0.000471502 0.00232156 -0.0041395 0.00295437
     363.9  179.985 -180.002  179.956 0.000249233  0.00413896 -0.00416375 0.00212007  0.0150408 -0.0225626
   363.999  180.005 -179.952  179.999 -0.00038991 -0.00157549 -0.00349801  0.00180977  -0.0152828 -0.00734428
     364.1  180.009 -179.966  179.914 0.000543443  0.00447268 -0.00223102 0.00437286  0.0163515 0.00450374
     364.2  180.005 -179.959  179.911 -0.00119674  0.00738744 -0.00326336 0.000773263    0.023055 -0.00399927
     364.3  0.0130906 0.00282803 -0.0338753  -0.00304729   0.00107816 -0.000354318 -0.000126821   -0.0118653    0.0154684
     364.4  179.984 -179.999  180.001 -0.000920661  -0.00314067  -0.00203462  0.00383443  -0.0241668 -0.00111706
   364.499  180.003 -179.996  179.983 -0.000641281    -0.000438  -0.00107359  0.00483404 -0.00201323  0.00413421
     364.6  179.982 -179.987  179.934 -0.00115539  0.00301102 -0.00330589  0.0035169  0.0148868 -0.0112719
     364.7  179.988 -179.973  179.961 0.000877372  0.00260866 -0.00114024 0.00634533 0.00847834 0.00714504
     364.8 179.969 -179.99 179.972  0.00128309  0.00131537 -0.00377529 0.00650641 0.00123908 -0.0112737
   364.899 180.004 -179.92 179.902 0.000407783  0.00510296 -0.00203349 0.00366023  0.0168504 0.00352657
   364.999  179.941  -179.97 -180.005  0.00532131 -0.00679899 -0.00616899  0.0126058 -0.0392473 -0.0203259
     365.1   179.95 -179.913  179.859  0.00403148  0.00515275 -0.00762264 0.00824892  0.0282264 -0.0181326
     365.2  179.971 -179.951  179.926  0.00115235  0.00451187 -0.00355013 0.00240978  0.0154824  0.0143581
     365.3  179.982 -179.958  179.908 9.54962e-05  0.00458533 -0.00206308 2.22166e-06   0.0108365   0.0146449
     365.4 179.951 179.973 179.912  0.00163628   0.0128845 -0.00405993  0.0030281  0.0410632 -0.0035379
   365.499  179.967 -179.928  179.865 0.000631825    0.008366 -0.00525247 0.000994319   0.0028322 -0.00739363
     365.6  179.953 -179.981  179.884  0.00146162  0.00822203 -0.00677138 0.00242442 0.00237716 -0.0107045
   365.699  179.932 -179.969  179.952  0.00417498 0.000870543 -0.00851663 0.00502382 -0.0283558 -0.0141545
   365.799 179.929 180.011 179.918  0.00403848  0.00405705 -0.00816081  0.00396461  -0.0031369 -0.00319223
     365.9  179.996 -179.951  179.931 -0.000329685   0.00272932  -0.00245621  -0.0021719 -0.00592641   0.0296371
       366  179.923 -179.946  179.918  0.00419479  0.00267579 -0.00874169  0.00472534 -0.00280971  -0.0190472
     366.1  179.913 -179.937  179.911 0.00454341 0.00230495 -0.0114946  0.00466994 -0.00319853  -0.0224392
   366.199  179.893 -179.938  179.908 0.00740421 0.00239006 -0.0139256  0.00781418 -0.00120853  -0.0230206
   366.299  179.915 -179.892  179.815 0.00381603 0.00871591 -0.0134714 0.000394463   0.0251101 -0.00829946
     366.4    179.9 -179.975  179.928 0.00461495 0.00385541 -0.0107463   0.0010053 -0.00391309   0.0120319
     366.5  179.893 -179.907  179.918  0.00560967 -0.00225271  -0.0106496 0.000402522  -0.0281432  0.00656323
     366.6 179.913 -179.94 179.949  0.00249205 -0.00253627  -0.0103952 -0.00494079    -0.01563  0.00456635
   366.699  179.917 -179.895  179.895   0.00242052 -0.000633166  -0.00793903 -0.00448343 0.000793047   0.0151746
   366.799  179.925 -179.984  179.909  0.00163158  0.00312416 -0.00531293 -0.00586636   0.0182336    0.020054
     366.9  179.925 -179.968  179.916  0.00106507  0.00363419 -0.00696866  -0.00609462    0.0145392 -0.000664452
       367  179.898 -179.908  179.883 0.00432174 0.00332276 -0.0129922 -0.00116317  0.00840669   -0.032104
     367.1  179.884 -179.889  179.894  0.00819932 0.000449623  -0.0123234  0.00388514 -0.00467905  -0.0103474
   367.199  179.867 -179.991  179.932 0.00618726 0.00353854 -0.0153157 -0.00276098   0.0129492  -0.0218253
   367.299  179.871 -179.907  179.919   0.00513397 -0.000584768   -0.0159943 -0.00690916 -0.00915759  -0.0142807
     367.4  179.858 -179.955  179.944  0.00498813 -0.00207214  -0.0150794   -0.0071556  -0.00931351 -0.000863143
     367.5  179.873 -179.877  179.872    0.0060052 -0.000130577   -0.0137522 -0.00704077  0.00202975  0.00687409
     367.6 179.843 -179.98 179.995  0.00664477 -0.00552867  -0.0158961 -0.00678241  -0.0205314 -0.00778061
   367.699  179.884 -179.914  179.966  0.00284328 -0.00915209  -0.0161259  -0.0129756  -0.0278346 -0.00400531
   367.799  179.874 -179.944  179.942  0.00332956 -0.00170821  -0.0156809 -0.0111691  0.0155643  0.0019648
     367.9  179.884 -179.936   179.88 0.00354555 0.00339655 -0.0123972 -0.0109917  0.0312456  0.0186761
       368  179.884 -179.932  179.901 0.00287543 0.00298478 -0.0142846   -0.0110209    0.0167461 -1.73343e-05
     368.1  179.859 -179.916  179.947  0.00523451 -0.00537752  -0.0153346 -0.00723731  -0.0213329 -0.00472817
   368.199 179.904 -179.92 179.894   0.00308576 -0.000811494   -0.0109938 -0.0098237   0.006864  0.0224689
   368.299  179.884 -179.921  179.974  0.00444361 -0.00697408  -0.0116947 -0.00699249    -0.01937  0.00738475
     368.4  179.845 -180.001  179.972  0.00700605 -0.00353666  -0.0183509 -0.00411359  0.00392611  -0.0324181
     368.5  179.814 -179.913  179.931 0.00948137 -0.0032562 -0.0229944 -0.00131614  0.00406792  -0.0384544
     368.6  179.805 -179.965  179.953  0.00917692 -0.00203195  -0.0231817 -0.00371793  0.00859302  -0.0182135
   368.699  179.774 -179.919  179.872   0.00724757 -0.000867181   -0.0207372 -0.00809705   0.0097695  0.00493931
   368.799 179.777  180.01 179.981 0.00844572 -0.0086973 -0.0185024 -0.00637094  -0.0226815   0.0145335
     368.9  179.773 -179.937  179.871  0.00726348 -0.00348211  -0.0187112 -0.00898084  0.00841482  0.00531196
       369 179.779 179.988 179.917  0.00657799 9.52651e-05  -0.0181919 -0.0106338  0.0225576 0.00574364
     369.1 179.759 180.001 179.905  0.00717513 -0.00149265  -0.0172122 -0.0116556 0.00857749 0.00875203
   369.199 179.705 179.906 179.945  0.00792469 0.000377758  -0.0208141 -0.0102936  0.0143554  -0.015786
   369.299 179.716 179.984 179.881 0.00586982 0.00303742 -0.0171178 -0.014482 0.0189713 0.0134599
     369.4 179.672 179.977 179.911    0.0060793 -0.000278385   -0.0194522   -0.0131136 -0.000721144  -0.00623753
     369.5 179.671 179.982 179.919   0.00923197 -0.000523292   -0.0195169 -0.00795447 -0.00111515 -0.00323068
     369.6 179.664 179.967 179.937 0.00764445 0.00171527 -0.0175705 -0.0112502 0.00878775 0.00984936
   369.699 179.678 180.007 179.915  0.00529347 -0.00219741  -0.0153187 -0.0147114 -0.0102625  0.0173301
   369.799  179.66 179.981 179.922  0.00566893 0.000417656  -0.0179484  -0.0135636  0.00659461 -0.00618394
     369.9  179.607 -180.002  179.919  0.0115623 -0.0039373 -0.0238354 -0.0047026 -0.0125116 -0.0346986
       370 179.666 179.991 179.948   0.0086536 -0.00434151  -0.0214275  -0.0119811 -0.00741396 -0.00203617
     370.1  179.676 -180.002  179.923  0.00641648 -0.00693588   -0.022062  -0.0165136  -0.0150192 -0.00368907
   370.199 179.628 179.965 179.951  0.00874022 -0.00426191  -0.0219608   -0.0125696   0.00296587 -0.000558902
   370.299 179.698 179.995  179.92    0.002531 -0.00714352  -0.0172834 -0.0218853 -0.0111626  0.0244307
     370.4 179.688 179.929 179.911   0.00198066 -4.27303e-05   -0.0143096 -0.0186832  0.0234299  0.0265459
     370.5 179.668 180.002 179.839 0.00732731 0.00528371 -0.0172803  -0.0107042   0.0352035 -0.00375544
     370.6 179.637  179.96 179.922   0.0107659 0.000904319   -0.022852 -0.00620674  0.00398465  -0.0304925
   370.699 179.692 179.988 179.946  0.00599378 -0.00619269  -0.0194567 -0.0146907 -0.0273441 0.00492156
   370.799 179.607 179.983 179.924  0.00798531 -0.00852955  -0.0205894   -0.011822  -0.0245428 -0.00167156
     370.9 178.867 179.771 179.938  0.00809091 -0.00646435   -0.022134  -0.0231332 -0.00854368   0.0192247
       371 175.665  178.74 178.844  0.00911361 -0.00406669   -0.012103 -0.0152725  0.0140597  0.0786345
     371.1 174.617  178.77 179.616    0.0139297  -0.00149553 -0.000210285 0.00246435  0.0334331   0.160643
   371.199 171.269 177.862 179.649   0.0169729 -0.00297249   0.0268581  0.0112189 0.00728616    0.28032
   371.299 167.323 178.061 179.842   0.0146311 -0.00586969   0.0581496 -0.0143368 -0.0232877   0.326853
     371.4 163.683 177.263 178.348   0.0122656 0.000566116   0.0980596 -0.0517659 -0.0150995   0.360519
     371.5 160.902 176.395 175.871 -0.000488261  -0.00982408     0.135959 -0.0956247 -0.0699299   0.341463
     371.6 160.298 176.015 172.552 -0.0019172 -0.0201769   0.142934 -0.0722993   -0.11814  0.0956917
   371.699 162.608 175.785 168.497 0.000140786  -0.0259735    0.136813  -0.051656 -0.0789559 -0.0783709
   371.799 165.847 175.751 165.879 -0.00401413  -0.0324869    0.129989 -0.0345759 -0.0298247 -0.0902706
     371.9 168.536 174.977 164.898 -0.00721891   -0.020095    0.127719   0.029544   0.102826 -0.0327638
       372 169.998 174.589 167.512 -0.0106751 -0.0171066   0.143252  0.06335 0.124261 0.115043
     372.1 170.821 174.373 172.674 -0.00126136  -0.0057482    0.147841 0.109259  0.16563 0.108337
   372.199 171.105 175.058 178.229 0.00330547 0.00864146   0.157773 0.114132  0.17963 0.118483
   372.299  170.803  175.455 -175.157 0.0135854 0.0281013   0.16422 0.102715 0.215805 0.078208
     372.4  171.796  176.213 -166.788 0.0390993 0.0423988  0.163526   0.104331   0.181671 0.00873319
     372.5  172.033  175.163 -159.133 0.0452026 0.0761383  0.162579 0.0808342  0.190697 0.0296988
     372.6  167.83 173.975 -153.22 0.0478426 0.0858062  0.172645 0.0623032 0.0611108  0.128552
   372.699  161.632  175.423 -150.644 0.0460564 0.0641548  0.191793 0.0219147 -0.137384  0.185996
   372.799  155.465  177.079 -151.898 0.0340049 0.0501266  0.228861 -0.102532 -0.236467  0.268357
     372.9 151.509 178.672 -159.12   0.02682 0.0251206   0.23996 -0.146417 -0.341656 0.0809482
       373  152.845 -179.048 -168.535   0.0058156 -0.00623373    0.249545  -0.247595  -0.342783 -0.0265037
     373.1  155.322 -178.584 -179.303 -0.0195918 -0.0311719   0.243596 -0.247504 -0.232463  -0.11799
   373.199 160.465 179.337 174.143  -0.038162 -0.0251584   0.236575 -0.141866 0.0655352 -0.137063
   373.299 165.032 176.634 174.043 -0.0359101 -0.0234642   0.213056 0.0191212   0.16749 -0.183894
     373.4 169.726 174.225 177.165 -0.0208744 0.00430803    0.18938  0.128173  0.288602 -0.210529
     373.5  173.446   172.89 -177.754 -0.00595491   0.0344199     0.17334 0.167169 0.306439 -0.12266
     373.6 175.625 172.658 -171.24 0.0132191  0.052188   0.16047   0.167492   0.283465 -0.0820032
   373.699  178.085  173.308 -162.742 0.0250267 0.0723684  0.160891   0.137204   0.238334 0.00426644
   373.799  179.286  173.919 -153.372 0.0404299 0.0912597  0.155792   0.110777   0.194089 0.00267476
     373.9  179.151   173.82 -142.731 0.048704 0.111769   0.1567 0.0530012  0.201813 0.0428679
       374   176.39  168.677 -132.293 0.0746443  0.125426  0.215286 0.0632378 0.0781146  0.437636
     374.1  168.213  163.993 -125.404 0.101473 0.129489 0.234061   0.100052 -0.0429288   0.345632
   374.199  163.178  161.485 -125.192 0.0721344  0.121733  0.324975 -0.116623 -0.297524  0.587038
   374.299  155.004  162.462 -133.054 0.0713092 0.0991502   0.34148 -0.0254902  -0.466133   0.198645
     374.4  149.661  164.037 -145.393  0.047406 0.0790626   0.29754 -0.0650955   -0.38416  -0.227696
     374.5  148.853  165.794 -158.164 0.00646499  0.0577686   0.262382 -0.176196 -0.287295 -0.316543
     374.6  150.57 168.202 -167.68 -0.0203314  0.0304464   0.236591 -0.187046 -0.181045 -0.286152
     374.7  155.129  170.356 -173.071 -0.0376606  0.0148371   0.215076  -0.153842 -0.0443016  -0.294248
   374.799  160.364   171.05 -174.062 -0.0335288  0.0336961   0.186028 -0.0675768   0.200667  -0.312802
     374.9  166.571  171.736 -170.622 -0.0388456  0.0495946   0.170146 -0.0382027   0.284719  -0.190953
       375 171.749 172.677 -164.52 -0.0310551  0.0669737   0.153352 0.0172348  0.327462 -0.124368
     375.1  175.759  173.639 -156.225 -0.0244722   0.108659   0.139629  0.0441544   0.405299 -0.0765081
   375.199  177.473  174.494 -147.707 -0.0110215   0.141886   0.120372  0.0814733   0.334396 -0.0943015
   375.299  178.493  176.066 -139.127 -0.00305717    0.171602    0.146571 0.0428184  0.262224  0.148194
     375.4  177.719  174.845 -131.614 0.0112334  0.194057   0.17001 0.0607368  0.126741  0.248844
     375.5  174.038  171.616 -124.554 0.0139838  0.206532   0.20724 -0.00876008   0.0135857    0.369202
     375.6  169.931  166.313 -123.414 -0.00433826    0.225301    0.253972 -0.0919522  -0.121847   0.416704
   375.699  164.226  165.139 -129.301 0.00268612   0.192505   0.276251 0.0107151 -0.371157  0.282373
   375.799 157.843  167.28 -137.23 0.00401892   0.162803   0.273423 -0.00231954   -0.421483   0.0614056
     375.9  153.759  171.097 -145.492 -0.00517571    0.129907    0.252115 -0.0442052  -0.400845  -0.115028
       376  151.184  174.831 -154.312 -0.0342555    0.10321   0.243489  -0.176329  -0.325552 -0.0723279
     376.1  150.199  178.823 -163.259 -0.0597232  0.0687006   0.269228 -0.309249 -0.343591 0.0458064
   376.199  151.548 -177.025 -172.351 -0.0930958  0.0466706   0.274972 -0.371896 -0.286579 0.0145731
   376.299  152.348 -173.396  177.999 -0.123141 0.0230728   0.28039   -0.37905   -0.22211 0.00454768
     376.4  153.767 -171.709  169.278   -0.14624 0.00962682   0.278911  -0.343493  -0.129215 -0.0758844
   376.499  155.499 -170.884  160.493  -0.183685 -0.0631115   0.290707  -0.437062   -0.33859 -0.0432932
   376.599  157.512 -169.333  152.718 -0.229242 -0.122133  0.313052 -0.493384  -0.37787  0.105113
     376.7  159.723 -168.131  145.324 -0.259798 -0.146061  0.309876 -0.355543 -0.261614 0.0231743
     376.8   162.14 -167.218  139.185 -0.263874 -0.131652  0.310167  -0.140164 -0.0464047  0.0340744
     376.9  164.008 -166.169  133.955 -0.246391 -0.130184  0.290819 0.0673357 0.0514883 -0.125586
   376.999  165.867 -165.907  128.879  -0.214964 -0.0933747    0.27415  0.255269  0.202191 -0.156665
   377.099 167.658 -166.43 123.614  -0.211468 -0.0793142   0.289233  0.164827  0.220628 0.0171093
     377.2  169.445 -166.042  118.104  -0.21818 -0.087076  0.267988  0.085978  0.138777 -0.115365
     377.3  171.332 -166.284  112.436  -0.238142 -0.0772199   0.280631 -0.0175769   0.143313  0.0315791
     377.4 174.384 -166.54 105.864  -0.231112 -0.0600288   0.284629 0.0227975  0.182905 0.0640539
   377.499  177.821 -167.901  99.3644  -0.240306 -0.0601429   0.285919    -0.03419    0.186649 -0.00980081
   377.599  179.646 -169.459  93.0683  -0.256768 -0.0458392   0.284967 -0.0778984   0.198456  -0.025911
     377.7 0.236923 -9.32155  -92.423  -0.284312 -0.0410192   0.286104 -0.147711  0.215353 -0.030838
     377.8  179.982 -171.384  82.1043   -0.30366 -0.0333819   0.281087  -0.150495   0.247146 -0.0507303
     377.9  179.666 -171.467  77.0605  -0.288921 -0.0429158   0.265695 0.0508302  0.207649 -0.124451
   377.999  179.357 -171.242  72.7561   -0.25125 -0.0584471   0.262056    0.24486   0.129628 -0.0516838
   378.099 0.200064 -9.71351  -111.39  -0.276376 -0.0361801   0.265468   0.10486  0.221764 0.0117763
     378.2  1.04238 -10.2492 -115.645  -0.265186 -0.0242779   0.275531  0.177269  0.226521 0.0658372
     378.3  2.39282 -10.2282 -119.368   -0.279026 0.000280105    0.286177  0.132133  0.310108 0.0657025
     378.4  3.20522 -9.83228 -124.147 -0.272055 0.0199155  0.293801  0.191101  0.282895 0.0509801
   378.499  3.81096 -9.60999 -128.155 -0.269269  0.031656  0.287329   0.240298   0.235305 -0.0334072
   378.599  4.72433 -8.87844 -132.286 -0.252883 0.0431123  0.285478   0.305487   0.197658 -0.0294674
     378.7  5.56486 -7.83212 -135.679 -0.230201 0.0449082  0.296704  0.368885  0.120469 0.0699261
     378.8  6.97935 -7.37511 -138.499 -0.212284  0.049009  0.303554  0.394468  0.131165 0.0323393
     378.9   7.3777 -6.62895 -140.154 -0.191254 0.0547344  0.313606  0.387042  0.149653 0.0646037
   378.999   9.5382 -7.58289 -142.628 -0.185283 0.0678039  0.322677  0.284148  0.223436 0.0550639
   379.099  11.5997 -9.06593 -145.156 -0.174718 0.0857802  0.341102 0.274444 0.253808 0.118309
     379.2  15.7395 -11.3584 -147.293 -0.164619  0.101407  0.352294 0.305674 0.240943 0.104018
     379.3  18.9243 -13.0691  -149.23 -0.144025  0.102662  0.352834    0.300004    0.126062 -0.00245967
     379.4  21.1926 -14.5513 -149.759 -0.13216  0.11223 0.335951  0.257578 0.0745522 -0.113276
   379.499   23.282 -15.4598 -148.687 -0.123202  0.104503  0.322753   0.247157 -0.0444307  -0.134631
   379.599  27.6796 -18.5958 -147.464 -0.122926  0.103467  0.325734   0.218176 -0.0270505 -0.0775364
     379.7  30.2709 -20.0042 -146.381 -0.112856 0.0921651  0.334098   0.207632 -0.0858526 -0.0347124
     379.8  33.7463  -21.334 -144.245 -0.105559 0.0762407  0.340937   0.219768 -0.0647341  0.0105937
     379.9  38.3169  -23.784 -142.346 -0.105526 0.0782723    0.3385   0.166082 0.00329432 -0.0450699
       380  42.1235 -31.3951 -140.209 -0.113404 0.0707369  0.341915   0.116736 -0.0564614 -0.0990596
   380.099  43.7732 -35.8658 -138.615 -0.109765 0.0603409  0.345504   0.102131 -0.0394723   -0.10593
     380.2  44.8244 -39.3185 -136.419 -0.111916 0.0597002  0.351578   0.117255 0.00544758 -0.0480033
     380.3   46.521 -44.4947 -133.292 -0.105032 0.0443956  0.353592   0.152778 -0.0711833  -0.062839
     380.4  48.5956 -48.7649 -129.067 -0.126336 0.0219435  0.345055 0.00476704  -0.153875  -0.106588
     380.5  50.8488 -52.3468 -123.988 -0.155559 0.0070201  0.341637 -0.0914195   -0.15021 -0.0738773
   380.599  50.8468 -57.7433 -116.759 -0.184886 0.0121654  0.345366  -0.162803 -0.0276041 -0.0346809
     380.7  44.5396 -63.4086  -104.85 -0.172368 0.0191269  0.357114 -0.0156542  0.0976263 0.00647942
   380.799   32.523 -69.4869 -86.0173  -0.170684 0.00393534   0.371152  0.0493934  0.0323428 -0.0057732
   380.899  7.70798 -73.0218 -53.8715  -0.166978 -0.0244545   0.378458   0.109213 -0.0396729 -0.0238082
       381  162.626 -108.319  158.888   -0.142354 -0.00596345      0.3806   0.181047   0.136248 -0.0585225
     381.1  147.865 -112.609 -178.756 -0.099181 0.0291511  0.365566  0.254008  0.274403 -0.141219
     381.2  138.791 -117.169 -161.789 -0.064831  0.057964  0.347542  0.253199  0.291414 -0.174676
   381.299  136.964 -123.429 -151.826 -0.0389389   0.072915   0.329893  0.237537  0.205868 -0.194159
   381.399  138.887 -131.275 -145.488 -0.0141496   0.075397   0.317115   0.22511 0.0965974 -0.154205
     381.5  142.015 -138.845 -142.287 -0.00122285   0.0852419    0.308603  0.146979  0.105344 -0.114153
     381.6  146.335 -144.795 -140.998 0.00974652  0.0958368   0.294163   0.11142  0.109453 -0.145882
     381.7  150.538 -147.698  -138.24 0.0176381  0.103942  0.287404  0.0628741   0.114728 -0.0733008
   381.799  155.008  -152.44 -135.763 0.0199578  0.115107  0.288926   0.0155217    0.134282 -0.00609352
   381.899  159.796 -157.169 -131.972 0.0150607  0.137952   0.28917  0.00125748    0.172969 -0.00764321
       382  162.667 -160.716 -125.818 0.0120855  0.161936  0.287754 -0.0223709   0.220764  0.0119763
     382.1  162.741 -165.797 -119.555 0.0123932  0.195015  0.265787 -0.0122161   0.195336  -0.105046
     382.2  164.519 -169.503 -113.862 0.0186069  0.203739  0.256142  0.0420005   0.113024 -0.0574612
   382.299   160.26 -178.978  -112.08 0.0389136  0.209427  0.268974    0.113923 -0.00189607    0.162725
   382.399  152.374  170.486 -114.433 -0.00300838    0.236895    0.294888 -0.120258 -0.122249  0.240295
     382.5   145.63   164.98 -121.574 -0.0245287    0.22123   0.321633 -0.209335 -0.329203  0.166788
     382.6  138.525  163.236 -132.208 0.00683367    0.17474   0.306278    0.08336  -0.498621 -0.0417268
     382.7  135.687  166.496 -143.973 -0.00554332    0.128996    0.355383 -0.0993439  -0.653621  0.0916224
   382.799  132.794   174.02 -154.614 -0.00871175   0.0805536    0.337143  -0.059913  -0.567679 -0.0425557
   382.899  131.446 -176.887 -163.719 -0.0587929  0.0598564   0.317019  -0.243199  -0.338528 -0.0551635
       383  132.214 -168.856  -171.29 -0.0722506  0.0345062   0.308713  -0.236825  -0.216954 -0.0778801
     383.1  135.997 -162.873 -178.185  -0.0875579 0.000726992     0.31258   -0.24205  -0.219751 -0.0841897
     383.2 140.273 -158.13 174.996   -0.11357 -0.0276291   0.319764 -0.276224 -0.161759 -0.012482
   383.299  142.552 -154.462  170.075  -0.138208 -0.0399337   0.330155    -0.2658 -0.0382529  0.0652696
   383.399  141.965 -151.825  166.998  -0.152595 -0.0420031   0.331449   -0.18805 -0.0243961  0.0160755
     383.5   143.96 -149.967  162.483  -0.174883 -0.0542617   0.337271   -0.184251  -0.0823139 -0.00558884
     383.6  148.666 -148.647  155.564  -0.186971 -0.0524825    0.33876   -0.123075  -0.0348238 -0.00900171
     383.7  155.175 -148.585  148.836  -0.178949 -0.0292918   0.336743  0.0337503   0.101498 -0.0412718
   383.799  160.853 -150.456  146.159  -0.173122 -0.0250905   0.324268   0.124395   0.131956 -0.0828498
   383.899  166.156 -153.413  145.265  -0.164167 -0.0201354   0.315482  0.158746 0.0816485 -0.103588
       384   173.37 -156.692  142.199   -0.16657 -0.0365475   0.298506   0.103683 -0.0364991  -0.142342
     384.1   177.45 -159.178  140.444  -0.161838 -0.0394313   0.288259    0.10909 -0.0240035 -0.0780815
     384.2  1.48009 -19.7908 -41.3137  -0.162992 -0.0402579    0.28749    0.09877 -0.0158918 -0.0221646
   384.299  5.51298 -20.5743 -41.5849  -0.158786 -0.0334075   0.282315   0.162825   0.067739 -0.0427893
   384.399  7.72238 -21.7509 -37.1635  -0.144741 -0.0121939   0.278663 0.287022 0.215691 -0.04188
     384.5  7.95165 -23.9575 -31.0165  -0.119976 0.00695337   0.266745   0.306641   0.206456 -0.0689604
     384.6   6.7393 -25.9815 -26.4361 -0.109781 0.0246495   0.26586    0.18869   0.120305 0.00397223
     384.7  7.29357 -26.5348 -31.4371 -0.116072 0.0241048  0.277189 -0.0139508  -0.127947   0.066167
   384.799  8.99792 -26.0293 -40.8919   -0.122581 0.000557842    0.273237 -0.136123 -0.214532 0.0322429
     384.9  9.15157 -24.2873 -49.2224  -0.146699 -0.0165515   0.279035 -0.210069 -0.185422 0.0567057
   384.999  9.22633 -22.5149 -58.1152  -0.161076 -0.0252795   0.294621  -0.182912 -0.0803872   0.103543
   385.099   9.4748 -20.7873 -65.8788  -0.170433 -0.0247672   0.310833 -0.108831 0.0579297 0.0987558
     385.2  9.59531 -18.9127 -72.9569  -0.193412 -0.0185472   0.308973   -0.13378   0.112686 0.00282644
     385.3  9.52498 -16.8614 -79.5519   -0.205611 -0.00962145    0.310212   -0.0663966     0.176337 -0.000665013
     385.4  9.40101 -15.8571  -85.939    -0.225501 -0.000829974     0.313941 -0.0732029    0.22336  0.0113828
   385.499  9.43862 -15.1499 -92.7275  -0.238709 0.00933106   0.308804 -0.0747367   0.264604 -0.0455957
   385.599  9.60584 -14.5729 -99.7336 -0.245732  0.020386  0.304201  -0.021467    0.25718 -0.0588449
     385.7   9.6073 -14.0104 -107.875  -0.174103 0.00195876   0.305871   0.337822   0.152616 -0.0573978
     385.8  9.33222   -12.83 -115.776   -0.135748 -0.00149306    0.299165   0.436451   0.107239 -0.0877858
     385.9  9.32043 -11.4092 -123.525 -0.130464 0.0122859  0.298825   0.395457   0.167024 -0.0485811
       386  10.4093 -10.5846 -130.291 -0.114566 0.0214398  0.304257  0.434105  0.166351 0.0103038
   386.099  12.8181 -9.14846 -136.802 -0.101835  0.031616  0.307746  0.386806  0.198875 0.0055495
     386.2   15.895 -7.17341   -144.3 -0.0911679  0.0454122   0.314222   0.348909   0.243088 -0.0101904
     386.3   18.268  -5.2865 -151.002 -0.0797962  0.0606055   0.317272    0.354862     0.26227 -0.00608628
     386.4   20.871 -3.13783 -158.459  -0.06422 0.0715882  0.322397   0.384268   0.227604 -0.0206718
     386.5  22.4854  -1.2599 -165.458 -0.0504493  0.0699885   0.361066  0.446336     0.129 0.0964672
   386.599  23.0474 0.316848 -171.607 -0.0207975  0.0694851   0.348371   0.390969  0.0502053 -0.0440457
     386.7  23.2268  1.67397 -176.966 -0.0160634  0.0824595    0.31502  0.271866 0.0612482 -0.205461
     386.8 22.8703 3.86523  178.31 -0.0153954   0.122027    0.33746   0.259483   0.183177 -0.0636448
     386.9  22.285 5.02365 173.534 -0.0253995  0.0883208   0.342413   0.191091 -0.0561838 -0.0434089
   386.999 19.9796 7.83653 168.886 0.00364377   0.143644   0.383285 0.291334 0.137612 0.126161
   387.099 18.5933 9.48365 165.276 0.0285369  0.177567  0.413565 0.292621 0.118735  0.16516
     387.2 18.7515 8.69287 161.581 0.0251747  0.180189  0.409369   0.157512 -0.0307809    0.01549
     387.3 17.0613  10.802 158.722 0.0257219  0.189045  0.425609   0.142212 -0.0760876   0.074105
     387.4 19.5555 12.5783 154.432 0.0208926  0.178807  0.418418   0.0522425   -0.203038 -0.00630554
   387.499 17.8588 16.0274 150.808 0.0267564    0.1882  0.423652   0.126055  -0.232408 -0.0261057
   387.599 16.9107 18.6433  145.73 0.0295526   0.15521  0.422237  0.0865783  -0.445336 -0.0759946
     387.7  17.508 18.2166 140.563 0.089909 0.265913 0.442419   0.394225 -0.0940828 -0.0437896
     387.8 17.8831 17.2356 136.059 0.144138 0.316411 0.460611   0.504138 -0.0258327 -0.0266637
     387.9 17.0367 16.1215 129.868 0.152817 0.305616 0.501688  0.308734 -0.200543 0.0808343
       388 14.1713 13.1137 124.389 0.132758 0.289201 0.539242  0.116088 -0.326595  0.162595
   388.099  10.802 9.01238 120.051 0.117654 0.265252  0.52213 -0.0436121  -0.361895 -0.0593258
     388.2  8.7956 4.86455 117.172 0.0860557  0.260106  0.560299 -0.108929 -0.391152  0.149014
     388.3  6.94111 0.925283  113.733 0.0711259   0.26844   0.54731 -0.0610512  -0.338118 -0.0390383
     388.4   5.0492 -2.89466  109.943 0.0802624  0.263242  0.521027 0.0509822  -0.32374 -0.116375
     388.5  4.28473 -5.49435  104.246 0.0781501  0.252953  0.518637   0.056754  -0.354902 -0.0461024
   388.599  4.53824 -4.85148  101.356 0.0632703  0.248243  0.513031 -0.0623141  -0.386409  0.0212288
     388.7 5.81809 -1.2097 101.941 0.0505146  0.243876  0.523986  -0.09892 -0.399512  0.118772
     388.8  8.2155 3.98796 105.089 0.058867  0.24623  0.54865 0.00454284  -0.378002   0.183821
     388.9 11.0785 9.28899   109.3 0.0773512  0.242955  0.579156 0.108419 -0.39466 0.257693
       389 14.9878 15.1993 114.813 0.0968936  0.234027  0.604856  0.150457 -0.401995  0.225438
   389.099 19.7657  17.985 122.845 0.0860409  0.213271   0.60098 -0.00339671   -0.391762   0.0681434
     389.2 23.1686 17.8623 132.972 0.092611 0.223597  0.50084 -0.0285657 -0.0800033  -0.535625
     389.3 15.6399 11.4331  131.64 0.121293 0.268418 0.427794 0.204422 0.166886 -0.81636
     389.4 11.0278 5.19228 126.594 0.120138   0.2853 0.442101  0.174697 0.0696094 -0.272068
     389.5 9.27271  3.5476 126.143 0.117806  0.29016 0.513863   0.158999 -0.0484334     0.2501
   389.599   5.38856 -0.341339   123.101 0.108281 0.292224 0.559061  0.102709 -0.129247  0.279193
     389.7  3.57563 -3.37491  122.795 0.090525 0.283198 0.546298 -0.0287051  -0.225329   0.158509
   389.799  5.95802 -1.50985  126.382 0.0677413  0.269148  0.539679 -0.122624  -0.31345  0.090683
   389.899 9.63376 1.91556 133.612 0.0728671  0.276725  0.535247 -0.0261529  -0.295795  0.0523392
       390   12.41 4.66001 140.525 0.0705409   0.27388  0.502039 -0.00331826   -0.280885   -0.142207
     390.1 14.8715 9.33321 148.506 0.0539332  0.250899  0.432758 -0.083432 -0.337956 -0.401241
     390.2  18.453  11.105 157.671 0.0356352  0.225725  0.410787 -0.106097 -0.473727  -0.34046
   390.299 23.1593 10.7983 169.444 0.0285611  0.193458  0.425415 -0.0417413  -0.590464  -0.145127
     390.4  27.5528  7.86871 -178.573 0.0101012   0.14072  0.448317 -0.0526566  -0.713426 -0.0317016
     390.5   33.0578 -0.926799  -168.897 -0.00912185    0.106284      0.3701 -0.184184 -0.649684 -0.320352
   390.599   35.336 -4.92503 -158.157 -0.0304883  0.0827976   0.322555 -0.175214 -0.472155 -0.410068
     390.7  35.3989 -8.42928 -148.641 -0.047178 0.0661363  0.301273 -0.0651281  -0.352787  -0.343589
   390.799  35.1881 -10.6366  -138.01 -0.043328 0.0465469  0.298035 0.0585245  -0.24432 -0.197503
   390.899  34.3901 -12.4069 -130.956 -0.0465921  0.0383836   0.308968  0.0547621 -0.0943389 -0.0625372
       391  32.5653 -12.7356 -126.358 -0.0461004  0.0269753   0.310699   0.077908 -0.0760669 -0.0523527
     391.1   30.382  -12.465 -120.183 -0.0582397  0.0201696   0.310134  0.0446326 -0.0621186  -0.059674
     391.2  29.6491 -13.3155 -110.613 -0.0628207 0.00714743   0.304386  0.0968043 -0.0785221 -0.0840924
   391.299  29.4126 -15.5792  -99.056 -0.152273 0.0375007   0.30962  -0.294031  0.0147252 -0.0191051
   391.399  27.3196 -19.7327 -86.2031 -0.168256  0.041818  0.318921 -0.172367 0.0743527 0.0314937
     391.5  24.0353 -21.6774 -75.4545 -0.145673 0.0294162  0.301922 -0.0803616  0.0300276 -0.0533569
     391.6  18.3268 -22.7026 -66.2769 -0.137841  0.010479  0.297885   -0.06643  0.0101739 -0.0324324
     391.7  11.8338 -22.5793 -57.3651  -0.149801 -0.0208477   0.287829 -0.147008 -0.115141 -0.101634
   391.799  7.31435 -20.7063 -50.3808  -0.160558 -0.0443281   0.297274  -0.103588 -0.0701397 -0.0109556
     391.9  2.12129 -18.4212  -39.423  -0.155815 -0.0612163   0.287006 -0.00344389   0.0211358   -0.113274
       392   178.24 -165.807  150.648  -0.147923 -0.0599383   0.274671 0.0404478 0.0617736 -0.135318
   392.099  175.214 -171.482  159.753  -0.134508 -0.0568242   0.263944 0.0638989  0.116154 -0.126257
     392.2  173.268 -174.794  167.602  -0.124483 -0.0329075   0.254649  0.0676589   0.243169 -0.0645566
     392.3  172.123 -176.594  175.839   -0.113177 -0.00617419    0.253205  0.0513857   0.289845 -0.0324134
     392.4  172.285 -177.419 -177.195  -0.10986 0.0147314  0.255977  0.0494169   0.222379 0.00810596
     392.5  173.249 -178.056  -171.69 -0.0965355  0.0334885   0.253103  0.0301836   0.179325 -0.0503443
   392.599  175.048 -178.916 -166.702 -0.0942038  0.0493165   0.243445  0.0202081   0.150808 -0.0959347
     392.7  176.627 -179.507 -161.468 -0.0941216  0.0597105   0.237799 -0.00909887    0.134628  -0.0422508
   392.799  177.242  178.685 -156.686 -0.100619 0.0706815  0.240331 -0.0187111   0.147492 -0.0218557
   392.899  179.436   177.95 -151.103 -0.100009 0.0899582  0.235354 -0.0285243   0.189102 -0.0293992
       393  179.879  176.043 -144.426 -0.107265  0.114817  0.237819 -0.0529557   0.190744  0.0417797
     393.1 174.022 171.914 -141.46 -0.0965363   0.124105   0.250561  0.0355734 -0.0118373   0.203257
     393.2  162.959   167.73 -147.756 -0.100936  0.110227  0.265606 0.0679289 -0.200849  0.184076
   393.299 153.354 169.309 -158.64 -0.118217 0.0941942  0.283239 0.0362295  -0.25787  0.126512
   393.399  152.183  176.404 -170.116 -0.115538 0.0510754   0.29564 0.0246078 -0.376371 0.0468267
     393.5 155.767 -178.42 178.423 -0.105055 0.0185871   0.28713 0.0297745 -0.362167 -0.162452
     393.6  167.935 -176.209  167.229  -0.104428 -0.0103495   0.253173 0.00564581  -0.317616  -0.357886
     393.7  178.928 -177.953  158.212 -0.0974441 -0.0328014   0.208105 0.0106012  -0.17212 -0.352344
   393.799  5.13847  1.68149 -23.8208 -0.0981008 -0.0264588   0.199314 0.0773333 0.0890061 -0.100171
   393.899 8.85085 4.40072 -18.974  -0.106389 -0.0214635   0.188682  0.0902191    0.13476 -0.0747746
       394 11.4812 4.99883 -13.804  -0.100243 0.00413734   0.174912   0.136102   0.208089 -0.0667829
     394.1  10.2951  4.56224 -5.15825 -0.0989712  0.0366333    0.17039    0.112485    0.312218 -0.00926164
     394.2 5.80435 3.67797 6.04778 -0.101692 0.0555553  0.185726 0.0734385  0.258932  0.106147
   394.299  176.259  178.445 -166.202  -0.10373 0.0702935  0.216137 0.0634903  0.117755  0.271202
     394.4  164.589  176.595 -163.961 -0.0996491  0.0701182   0.240356  0.0342721 -0.0200397   0.271695
     394.5  153.715  175.168 -165.792 -0.103597 0.0634783  0.267016 -0.0218752  -0.101153   0.248379
   394.599   143.84  178.043 -170.558 -0.107849 0.0535286  0.280795 -0.0144075  -0.194984   0.151619
     394.7  139.164 -175.723 -178.992 -0.124168 0.0236385  0.297952 -0.115661 -0.269165 0.0766216
     394.8  142.057 -170.679  172.213   -0.132753 0.000971494     0.29801 -0.0871561  -0.296579 -0.0387525
     394.9  154.742 -169.352  159.173  -0.141746 -0.0584885   0.283034 -0.0930214  -0.445764  -0.218599
       395  169.672 -174.753  150.065  -0.139279 -0.0507208   0.252141  0.0350332 -0.0484682  -0.246295
   395.099 176.211 179.089  154.95  -0.129551 -0.0326737    0.25191    0.233635    0.252402 -0.00376906
     395.2  179.56 176.631 166.126   -0.12232 -0.0181862   0.213884  0.300067  0.275335 -0.174618
     395.3  1.84083  3.28082 -2.60694 -0.103923 0.0293859  0.191097  0.330584  0.349418 -0.193046
     395.4 2.83543 4.16947 7.84746 -0.0870139  0.0515339   0.194927   0.288128   0.229265 -0.0600499
     395.5 3.46159 6.41861 15.7746 -0.0736143  0.0711603   0.192504   0.235199   0.162266 -0.0711851
   395.599 5.55613 8.01892 22.5588 -0.0677626  0.0902616   0.180209   0.128049   0.164107 -0.0889054
     395.7   7.591 9.46342 30.5086 -0.0690515  0.0957376   0.184114 0.0428093  0.111812 0.0356143
     395.8 6.94743 10.5818 37.6165 -0.0799245   0.106317   0.203549 0.00121574  0.0961382   0.176144
     395.9 1.85483 14.5342  41.422 -0.0665547   0.108137   0.221501 0.0312968 0.0249843  0.234476
       396  173.484  163.313 -139.464 -0.067036  0.107568  0.230582 0.0748611 0.0288646 0.0884884
   396.099  174.112  165.467 -134.528 -0.0828053   0.130044   0.227829  -0.0863198    0.207032 0.000479277
     396.2 177.797 165.707 -127.41 -0.0823086   0.140853   0.240386 -0.00306474    0.114629   0.0166785
     396.3  179.798  165.642 -121.215 -0.0904234   0.151352   0.257406 -0.0074438  0.0713904   0.161246
     396.4  176.094  161.994 -117.878 -0.0755974    0.14688   0.270713    0.12261 -0.0143104   0.222871
     396.5  169.901  156.732 -119.302 -0.0698296   0.144821   0.270263   0.148671 -0.0971268  0.0688777
   396.599  167.868  154.306 -122.221 -0.065699  0.137437  0.273021   0.103548  -0.064726 -0.0687826
     396.7  173.729  158.918 -117.229 -0.064858  0.145132  0.264652 0.00994963  0.0111456   -0.15274
   396.799  178.856  165.089 -113.543 -0.0642916   0.151629   0.246436 0.0844589 -0.021066 -0.139366
   396.899  177.451  165.215 -115.204 -0.0631781   0.149793   0.260184  0.0272312 -0.0771063   0.160919
       397   163.85  160.544 -123.526 -0.0627692   0.143903   0.285009 0.0695765 -0.128556  0.315831
     397.1   154.55   163.28 -135.648 -0.0586853   0.137429   0.298673  0.045047 -0.143133  0.160202
     397.2  147.392  171.886 -147.002 -0.0783754   0.128398   0.298776 -0.0872011   -0.10828  0.0286072
   397.299   147.21 -177.537 -157.479 -0.111161  0.132502  0.291845  -0.207615 -0.0192722 -0.0999821
   397.399  152.381 -168.188 -170.771 -0.13018 0.115773 0.285491  -0.24841 -0.138364 -0.216662
     397.5  160.084 -162.733  172.668 -0.154685  0.104466  0.256231 -0.294861 -0.142633 -0.251307
     397.6  165.866 -161.474  157.805  -0.17683 0.0836088  0.244374 -0.286093 -0.121433 -0.117725
     397.7  170.817 -160.642  144.815 -0.195725 0.0580387     0.245  -0.228172  -0.141714 -0.0286289
   397.799  173.081 -158.235  132.884 -0.214886 0.0471574  0.248474  -0.186799 -0.0482736   0.091737
   397.899  171.076 -153.688  124.593 -0.222415 0.0583129  0.261374 -0.0800306  0.0896316    0.13399
       398   172.94 -150.511  115.783 -0.214582 0.0754403  0.270126 0.0403779  0.131817 0.0910151
     398.1  177.224 -147.021  105.656 -0.214572 0.0876634  0.273977  0.057925  0.133624 0.0557118
     398.2  2.49857 -35.9075 -84.3827 -0.201012 0.0902073  0.271474     0.167991     0.112616 -0.000629957
   398.299  8.25086 -37.8873 -92.1655 -0.189181 0.0898481  0.254751   0.23381 0.0246392 -0.114796
   398.399   14.305 -37.9567 -97.0343 -0.169612 0.0847513  0.247622    0.24568 -0.0438719  -0.101709
     398.5  18.2745 -37.4143 -99.3075 -0.149438 0.0678112  0.242934   0.267179  -0.100684 -0.0548522
     398.6  22.2156 -39.8863 -99.3264 -0.143673 0.0650871  0.250859   0.238373 -0.0595343  0.0760023
     398.7  24.6754 -45.1109 -96.1198 -0.135989 0.0535424  0.262896   0.192666 -0.0505606  0.0632676
   398.799   25.318 -49.6836 -92.5214 -0.133766 0.0524638  0.277227  0.100282  -0.00563 0.0728751
   398.899  23.4733 -53.6006 -87.9184 -0.149368 0.0420147  0.284224 -0.0310132 -0.0470294  0.0677864
       399  21.1079  -56.555 -82.7552 -0.148714 0.0344245  0.292126  0.0224389 -0.0706981  0.0753786
     399.1  18.4603 -59.8085 -75.8855 -0.146098 0.0321413  0.303254 0.0955106 0.0049426   0.09973
     399.2  13.3125 -63.5928 -66.0856 -0.135722 0.0367003   0.31845  0.146633 0.0789454 0.0862904
   399.299  9.89452 -68.5791  -57.443 -0.129876 0.0293639  0.324925  0.114342 0.0630639 0.0964109
   399.399  176.066 -106.171  139.266  -0.12929 0.0268373   0.32611 0.0571267 0.0526509  0.094131
     399.5  159.258 -103.198  154.106 -0.134312 0.0508691  0.334071 -0.0728315   0.178601   0.112785
     399.6  147.047 -100.877  162.149 -0.153828 0.0785835  0.336362 -0.190945  0.249628 0.0757053
     399.7  149.486 -99.5144  154.118 -0.174676  0.101712  0.330028 -0.243188  0.188668 0.0251354
   399.799 0.779613 -79.6072 -64.0039 -0.205368  0.100258  0.329232   -0.292003   0.0165832 -0.00153917
   399.899  20.4169 -71.1667 -92.4942 -0.210599  0.108766  0.313281 -0.184303 -0.037834 -0.084179
       400  23.3562 -58.6229 -105.241 -0.240454 0.0868399   0.30157 -0.192499 -0.152212 -0.135489
     400.1  22.3974  -48.686 -112.372 -0.200569 0.0603724  0.292326  0.159463 -0.156952  -0.11499
     400.2  21.5457 -41.0002 -117.907 -0.150403 0.0311587  0.285883  0.380074 -0.177057 -0.110032
     400.3   18.944 -33.5369 -121.982 -0.126327 0.0112484  0.275567   0.34315 -0.142662 -0.167382
   400.399  14.1072 -25.7236 -124.956   -0.12863 0.00157159   0.264347   0.254878 -0.0665992  -0.207487
     400.5  8.62186 -18.0028 -128.653  -0.141713 0.00840499   0.259917  0.169695 0.0482084 -0.133228
   400.599  4.49113 -11.0607 -133.915 -0.138422 0.0150294  0.282604  0.179023   0.13242 0.0735654
     400.7  1.57467 -7.39285 -140.083 -0.135865 0.0202678   0.28275  0.201218  0.132805 0.0618447
   400.799   178.53 -175.084  33.6538 -0.136242 0.0276488  0.264968   0.176817   0.130764 -0.0657003
   400.899  175.226 -178.091  29.9636 -0.135936 0.0369779  0.262108    0.147001    0.086158 -0.00257987
       401  175.971 -178.834  34.0972 -0.140341 0.0356861  0.259889   0.127139 -0.0383032   0.092081
     401.1  180.013 -179.179  39.5762 -0.135454 0.0246262  0.273875  0.190282 -0.100979  0.160693
     401.2   5.38473 -0.699626  -132.996  -0.131702 0.00875726   0.291454  0.240855 -0.150953  0.174413
     401.3  11.1186 -2.37995 -122.939   -0.121299 -0.00901705    0.297887  0.299449  -0.17193 0.0799021
   401.399  15.7169  -5.0981 -111.316  -0.113906 -0.0272552   0.295656  0.308536 -0.127221 -0.040725
     401.5  19.3451 -7.67155 -100.376  -0.115939 -0.0348175   0.291304     0.2195 -0.0676428 -0.0954005
   401.599  21.6774 -10.5106 -90.2876    -0.205687 -0.000346906     0.278305  -0.23778 0.0317951 -0.170889
     401.7   22.993 -13.6891 -79.3047   -0.21574 0.00493929   0.284372  -0.135122   0.145104 -0.0679732
   401.799  23.7056 -16.8613 -69.5842  -0.166453 0.00206602   0.277784   0.154931   0.269322 -0.0869159
   401.899  24.1446  -20.088 -58.3782  -0.131001 0.00933509   0.264268  0.214821  0.330979 -0.155979
       402  23.9765 -22.2342 -45.9453 -0.114484  0.010423  0.229015  0.137328  0.252175 -0.322866
     402.1  22.3595 -22.6892 -33.9475 -0.0854564 0.00776956   0.193917  0.161773  0.109928 -0.409963
     402.2  20.7347 -20.9418 -25.7562 -0.0497677  0.0246854   0.151071  0.213452  0.112442 -0.456918
   402.299  19.5527 -19.2552 -21.5417 -0.0183933  0.0474255   0.106646   0.18815  0.139947 -0.472157
   402.399  17.1509 -17.3164 -18.7885 -0.00186293   0.0290624   0.0639239 0.0654364 0.0195399 -0.410384
     402.5   13.671 -15.6315 -16.6945 0.00235188  0.0254876  0.0266097 -0.00140717  -0.0471341   -0.322679
     402.6  10.8257 -13.2837 -15.4093 0.00736561  0.0247688 -0.0150288 -0.0421697 -0.0303561  -0.325938
     402.7  8.94139 -12.2884 -15.2661 0.00276423  0.0159109 -0.0329179  -0.111057 -0.0321971  0.0145633
   402.799  7.74787 -12.5211 -14.8939 0.00792156  0.0374682 -0.0167271 0.0231431 0.0980687 0.0778711
   402.899  4.71507 -13.9498  -11.898 0.00398135  0.0120215  -0.015895 -0.0621476 -0.0556702  0.0244828
       403  4.25074 -3.29543 -13.0935 0.000253112   0.0044018  -0.0144648 -0.00272745   -0.116743  -0.0245338
     403.1   179.5 179.898 167.421 0.00488733  0.0109904 -0.0364847 0.0670354 0.0186299 -0.111001
     403.2  0.214674 -0.477073  -12.5031 0.00372304 -0.0048105 -0.0205659  0.0121097 -0.0641636  0.0134445
   403.299  0.142856 -0.453158  -12.5887 0.00895977 0.00102047 -0.0202013  0.0360839 -0.0113975  0.0104275
   403.399  0.163737 -0.446952  -12.4813  0.00467445 -0.00918154   -0.015589  0.0283234 -0.0485835  0.0294198
     403.5  0.113673 -0.477664  -12.5762  0.0117813 0.00253491 -0.0244735 0.0561608 0.0229007 -0.037552
     403.6  0.103666 -0.473149  -12.5859   0.014678 0.00451913 -0.0263306  0.0617906  0.0211795 -0.0288334
     403.7  0.167266 -0.544877  -12.5539  0.00552262 -0.00376529  -0.0211255  0.0411805 -0.0262297  0.0117879
   403.799 0.0727936 -0.360526  -12.5761  0.0130942 0.00786159 -0.0249215  0.0656493  0.0349643 -0.0188472
   403.899  0.106419 -0.458558  -12.5571  0.0121197 0.00611719 -0.0271252 0.0596674 0.0104779 -0.022617
       404 0.0865666 -0.303304  -12.5126 0.00894072 0.00729276 -0.0274783  0.0554394  0.0087575 -0.0135415
     404.1  0.102304 -0.508403  -12.5481   0.0117844 0.000658703  -0.0247362  0.0570242 -0.0216472 0.00834627
     404.2  0.120741 -0.458462  -12.5355   0.00906309 -0.000790212   -0.0222387  0.0533645 -0.0210569  0.0169074
   404.299 0.0228098 -0.379681  -12.5512  0.0128758 0.00283635 -0.0314671  0.0651078 0.00277243 -0.0445115
   404.399  0.165709 -0.562528  -12.5929 0.00944578 0.00507515 -0.0226577  0.0601031 0.00631478  0.0234161
     404.5  0.175695 -0.541867  -12.5885 0.00627187 0.00286535 -0.0165534   0.0558242 -0.00642714   0.0399397
     404.6  0.138301 -0.399508  -12.5063  0.00357449 -0.00234348  -0.0182301   0.050252   -0.02405 0.00619362
     404.7 0.0853241 -0.454858   -12.557  0.0107267 0.00266885 -0.0271143  0.0682757  0.0091823 -0.0450153
   404.799 0.0835465 -0.479391  -12.5638  0.0133647 0.00282632 -0.0274826  0.0702944 0.00516408 -0.0246358
     404.9  0.145961 -0.520011  -12.5423  0.00819539 -0.00210729  -0.0204212  0.0575627 -0.0211098  0.0231375
       405  0.121062 -0.482169  -12.5935  0.0099798 0.00508874 -0.0180302 0.0666455 0.0161705 0.0204824
   405.099  0.122155 -0.466477  -12.4933  0.00839939 -0.00426973  -0.0224866    0.05778  -0.030429 -0.0172964
     405.2  0.105007 -0.394839  -12.5354 0.00823753 0.00186857 -0.0241561  0.0626601 0.00543234   -0.01965
     405.3 0.0798135  -0.46043  -12.5896  0.0137125  0.0076151 -0.0274824 0.0752334   0.02623 -0.028592
     405.4  0.175802 -0.487867   -12.611 0.00457175 0.00791971 -0.0200297  0.0569333 0.00865771   0.025582
     405.5  0.036011 -0.353778   -12.559 0.00913276 0.00898653 -0.0266197  0.0650848  0.0120125 -0.0243604
   405.599  0.105961 -0.463823    -12.57  0.0101221 0.00592598 -0.0241733   0.0608843 -0.00640529 0.000481059
     405.7 0.0344004 -0.448375   -12.593  0.0149441 0.00545021 -0.0282317   0.0686944 -0.00451016  -0.0204142
     405.8 0.0780018 -0.483583  -12.5538   0.00902358 -0.000986556   -0.0254483  0.0540284 -0.0329837 0.00429627
     405.9 0.0589017 -0.415452   -12.548  0.0119902 0.00220523 -0.0275647   0.0632995 -0.00558527  -0.0111823
       406 0.0097632 -0.382003  -12.4925    0.015504 -0.00359974  -0.0319991  0.0642647 -0.0256866  -0.028221
   406.099 0.0498012 -0.468086   -12.495   0.0153697 -0.00635303  -0.0278469  0.0629422 -0.0284213 0.00668252
     406.2  0.105468 -0.446537  -12.4534   0.0111537 -0.00949601   -0.022107  0.054246 -0.033626 0.0331061
     406.3  0.110415 -0.471437  -12.4816  0.00817276 -0.00751491  -0.0221451  0.0527319 -0.0159563  0.0135282
     406.4 0.0560741 -0.413696  -12.5051  0.0118063 -0.0019044 -0.0286798  0.0633297  0.0135417 -0.0296738
     406.5 0.0751103 -0.546205  -12.5436   0.0152398 0.000818576  -0.0246354   0.068098  0.0184264 0.00647106
   406.599 0.0598686 -0.329535  -12.5078  0.0108886 0.00424306 -0.0227705  0.0584499  0.0210919 0.00939532
     406.7 0.0229632 -0.488127  -12.5525  0.0161758 0.00478974 -0.0298157  0.0663338  0.0149759 -0.0357492
     406.8 0.0161165  -0.43067  -12.5467  0.0172726 0.00503552 -0.0325443  0.0644115 0.00983867 -0.0325375
     406.9  179.989 -179.612  167.395  0.0177158  0.0150062 -0.0370203  0.0664648  0.0451648 -0.0439098
       407 0.0794666 -0.500913  -12.5429  0.00963195 0.000851867   -0.026524  0.0400848 -0.0345225  0.0348388
   407.099 0.000702493   -0.426009    -12.6315  0.0169759   0.013225 -0.0298535   0.0629549   0.0314205 -0.00271273
     407.2 0.0408561 -0.428578  -12.5793  0.0131303 0.00658893 -0.0242189   0.048995 -0.0100754   0.028248
     407.3 0.0216217 -0.408303  -12.5467   0.016529 0.00374993 -0.0278739   0.0533601  -0.0166907 -0.00824374
     407.4 0.0386792 -0.441588  -12.5182   0.0153313 -0.00222471  -0.0290741   0.047857 -0.0362589 -0.0112834
   407.499 0.0949234 -0.499138  -12.5594  0.0105375 0.00012675 -0.0268084  0.0439552  -0.016587 0.00567071
   407.599 0.0576287 -0.411866  -12.4779   0.0109364 -0.00531199  -0.0269198  0.0435922  -0.031869 0.00141185
     407.7  0.071424 -0.444526  -12.5776  0.0127126 0.00619915 -0.0246411 0.0555045 0.0255119  0.010893
     407.8 0.0717749 -0.395232  -12.5908  0.0099599 0.00943257 -0.0252244  0.0509527  0.0250013 0.00110595
     407.9 0.0383202 -0.524186  -12.5754  0.0138067 0.00399637 -0.0308862   0.0530399 -0.00621101  -0.0308292
   407.999   0.13061 -0.545477  -12.5266  0.00770992 -0.00505936  -0.0229144   0.038023 -0.0435979  0.0267157
   408.099 0.0224021 -0.409996  -12.5909   0.013613 0.00625443 -0.0259368   0.0594807    0.023556 -0.00473279
     408.2 0.0379544 -0.452945  -12.4997   0.0125048 -0.00323663  -0.0279781  0.0490797 -0.0267116 -0.0161274
     408.3 0.0146874 -0.433357  -12.5884  0.0148924 0.00719306 -0.0319809  0.0610707  0.0266548 -0.0297122
     408.4 0.0573613 -0.480115  -12.6381  0.0129155  0.0128266 -0.0278835   0.057611  0.0353109 0.00507853
   408.499 0.0505404 -0.440277  -12.5213   0.0134398 0.000276978  -0.0269345  0.0484346  -0.027573 0.00716002
   408.599 0.0371809 -0.371347  -12.5052  0.0129218 6.2473e-05 -0.0254416  0.0499831 -0.0177965 0.00768225
     408.7 0.0464789 -0.476439  -12.6353 0.0163554 0.0108852 -0.027409  0.0613783   0.032478 -0.0100145
     408.8 0.0387387 -0.413947  -12.5852  0.0131328   0.009468 -0.0295617  0.0507911  0.0106523 -0.0185823
     408.9 0.0299289 -0.447209  -12.5284   0.014624 0.00212674 -0.0323543  0.0478639 -0.0235049 -0.0251323
   408.999 0.0389341 -0.388068  -12.6309  0.0143546  0.0133971 -0.0298699  0.0542147  0.0290282 0.00143069
   409.099 0.0525882 -0.478297  -12.6547  0.0124678  0.0150619 -0.0278029 0.0479496 0.0197251   0.01183
     409.2 0.0384089  -0.51504  -12.6626  0.0183442  0.0125596 -0.0264766   0.055626 0.00525234  0.0112809
     409.3  180.013 -179.562  167.394  0.0168811  0.0117466 -0.0340267   0.0520854 0.000599986  -0.0366658
     409.4 0.0228133 -0.488576  -12.5697  0.0134491 0.00109537 -0.0323715    0.039344  -0.0429816 -0.00705358
   409.499  0.042697 -0.408422  -12.5937  0.0135745   0.009611 -0.0292172  0.0485168 0.00890463   0.014063
   409.599 0.0852693 -0.443216   -12.582  0.0103416 0.00847504 -0.0241602   0.0423379 -0.00205522   0.0321406
     409.7 0.0821586 -0.401666  -12.4674   0.0101109 -0.00592825  -0.0224815  0.0356407 -0.0582933  0.0225464
     409.8 0.0665559 -0.411024  -12.5951    0.01137 0.00669582 -0.0261767  0.0497071   0.013345 -0.0097367
     409.9 0.0509955 -0.407936     -12.5    0.013031 -0.00337934  -0.0270201   0.0465391  -0.0313013 -0.00900553
   409.999 0.0210312 -0.367135  -12.4694   0.012946 -0.0042261 -0.0310339  0.0477737 -0.0239793 -0.0288808
   410.099 0.00570169  -0.397388   -12.5698  0.0160767 0.00845191 -0.0314053  0.0604273   0.033759 -0.0165266
     410.2 0.0439392 -0.370415  -12.4916    0.014447 0.000499849  -0.0277242  0.0483611 -0.0160029  0.0108716
