   361.799 -0.00232408  0.00532721 0.000893391 -2.34328e-05  1.74693e-05 -1.59054e-05 -0.000508628 -0.000122006   0.00045271
     361.9  -0.00117165     0.015229 -0.000342062 -0.000108935   3.1415e-05  1.00442e-05  -0.0011027 0.000182982 0.000255947
       362 0.000319887 -0.00678363 0.000958165  1.53832e-05  3.09468e-05 -4.78243e-05 0.000629409 0.000248667 0.000545877
     362.1 -0.000457053   0.00650681   0.00144475 -3.96761e-05 -1.98087e-05 -4.26249e-05 -0.000935798 -5.21655e-05   0.00048341
   362.199 0.000389927 -0.00645459 -0.00215351   5.261e-06 2.32578e-05 -2.9001e-05  0.000342004 -0.000365958  0.000784569
   362.299  0.00471203 0.000484332 -0.00497715   -2.739e-06 -3.76129e-06 -2.85547e-05 -0.000161738 -0.000445721  0.000829596
     362.4 -0.000581369   0.00341442   0.00107006 -4.47614e-05 -8.60542e-06 -2.69522e-05 -0.000309765 -0.000895385  0.000493016
     362.5   0.00340935  -0.00211247 -0.000370125 -1.56473e-05 -1.59976e-06 -1.43283e-05 -0.000112257 -0.000377678 -0.000126212
     362.6  -0.00213096    0.0139783 -0.000663706 -1.2323e-05 8.95247e-06 5.53149e-06 -0.000107305 -8.11562e-06 -0.000782901
   362.699  -0.0019561    0.005538 0.000430228 3.06933e-06  2.3367e-05  4.7521e-07  0.000696831 -7.46989e-05 -0.000561249
   362.799    0.0018108  -0.00249852 -3.15148e-05 -6.10407e-05  2.70434e-05  2.67759e-05 3.45986e-05 3.86466e-05 0.000294963
     362.9   0.00555239 -0.000516267   0.00227829 8.35002e-06 1.52943e-05  6.6798e-05 0.000423079  0.00138253   0.0003077
       363 0.00332424 0.00987409 -0.0048737  1.39761e-05 -3.82799e-05  9.32092e-05 -9.25833e-05  0.000717498  0.000769635
     363.1 0.000379566  -0.0027397  -0.0028384   1.7505e-05 -5.37808e-05  7.15985e-05 -0.00035679 2.70278e-05 0.000648983
   363.199  0.00490386  0.00363521 -0.00301187  4.63075e-05 -2.14271e-05  5.09414e-05 0.000253843 8.03466e-05   0.0002869
     363.3  0.00163903 -0.00674779  0.00026939  3.57402e-05 -4.93775e-05  9.80478e-06 0.000836999 -0.00128536 0.000727997
     363.4 -0.000652225    0.0107207   0.00242799 -2.90647e-05  4.83022e-05  -1.3606e-05  -0.00125401   0.00210863 -0.000937996
   363.499  0.00472465 0.000616725    0.002921 -3.71961e-05 -7.54827e-05  5.37544e-05  -0.00153902   -0.0002659 -0.000149624
     363.6  0.00605785 -0.00114149  0.00352092  7.38032e-06 -5.38547e-05  4.68409e-05 -0.00128553 -0.00110286 5.38931e-05
     363.7  0.00157367 -0.00488877 -0.00364985  5.14175e-05  4.29612e-05 -5.75464e-05 -0.000669552 -0.000139474   -0.0019194
     363.8 -0.000176094 -1.29023e-05   0.00364916 3.15707e-05 6.34833e-06  7.6107e-06 -0.000168346  -0.00180514  0.000685338
     363.9 -0.00228549  -0.0337932   0.0217634  0.00078871 -0.00145618 0.000577476  0.00110451 -0.00728398  0.00343633
   363.999 -0.0319869  0.0231471 -0.0695257 -0.000157791   0.00589048  -0.00575941 -0.000200962    0.0139942   -0.0190716
     364.1 -0.0047858  0.0688612 -0.0295367 -0.000246605  -0.00281861   -0.0042568 -0.000170069   -0.0134998  -0.00630059
     364.2 0.00299956 -0.0560393  -0.118737 0.000340431  0.00834818 -0.00157043 -0.000703257    0.0228219   0.00504854
     364.3 -0.00877359   0.0577898   -0.112253 -0.00130728   0.0107008 -0.00371181 -0.00189166   0.0239163 -0.00303793
     364.4   0.0141355 -0.00128717  -0.0458655  -0.0035702 0.000594813  0.00125642 -0.00471181  -0.0108378   0.0159669
   364.499 -0.0231484  0.0165221 -0.0169236  -0.0018807 -0.00408215 -0.00129407  -0.00257601    -0.019379 -0.000753401
     364.6 0.000982347  -0.0168163  -0.0329318 -0.00185195 -0.00081035  0.00201578 -0.00254364 -0.00312879   0.0101949
     364.7 -0.0219886   0.036997 -0.0788904  -0.0020957  0.00329493 -0.00385571 -0.00304293   0.0112539  -0.0127635
     364.8 -0.0197988  0.0526358 -0.0697659 0.000629115  0.00366447 0.000497481 0.00016075   0.010923 0.00656974
   364.899 -0.0427228  0.0286165 -0.0442629   0.0011112  0.00165241 -0.00450576 -0.000896594   0.00266929   -0.0135856
   364.999 -0.00809744     0.10947   -0.125049 0.000347458  0.00710747 -0.00117506 -0.000357151    0.0171136   0.00206546
     365.1 -0.0692444  0.0402008 0.00671074  0.00519442 -0.00983248  -0.0079577  0.0039987 -0.0333005 -0.0224859
     365.2 -0.0615587   0.113603  -0.172587  0.00304769   0.0103406 -0.00786471 -0.000397756    0.0336961   -0.0138264
     365.3 -0.0437922   0.071657 -0.0909954 0.000303308  0.00499165 -0.00255517 -0.0053052  0.0110445 0.00972973
     365.4 -0.0234831  0.0550436  -0.125133 -0.00159726   0.0071634 0.000843884 -0.00702761   0.0139136   0.0185468
   365.499 -0.0584115 -0.0364491  -0.114211 0.000390018   0.0175228 -0.00327075 -0.00457538   0.0371421 -0.00171657
     365.6 -0.0456462  0.0773207  -0.160961 -0.000245018    0.0106134  -0.00538496 -0.00542188  0.00845099 -0.00775971
   365.699 -0.0782708   0.033499  -0.142493 0.0024739 0.0109963 -0.010879 -0.00359694   0.0074768  -0.0241999
   365.799   -0.07477  0.0373722 -0.0579554  0.00342588 -0.00159641 -0.00919755 -0.00311821  -0.0310745 -0.00822734
     365.9  -0.0786339 -0.00775666  -0.0958736 0.00227548 0.00411515 -0.0048672 -0.00426884 -0.00443492   0.0108498
       366 -0.0228212   0.049909  -0.101489  -0.00101158   0.00479663 -0.000174848  -0.00862985 -0.000890016    0.0228255
     366.1 -0.0889899   0.054529 -0.0826189 0.00344893  0.0014332 -0.0096603 -0.00318085  -0.0097882  -0.0158394
   366.199  -0.101216  0.0768265 -0.0940571   0.0036479 -0.00057613  -0.0129627 -0.00386459  -0.0123302  -0.0218487
   366.299 -0.132277 0.0681203 -0.105227 0.00777882 0.00218963 -0.0164816 -0.000530522  -0.00132314   -0.0260431
     366.4 -0.095615  0.109563 -0.201758 0.00277231  0.0112181 -0.0137585 -0.00783003   0.0245499 -0.00683477
     366.5  -0.112895  0.0413817 -0.0877683  0.00272982  0.00349848 -0.00775409 -0.00988803 -0.00383431   0.0166138
     366.6 -0.101965 0.0982562 -0.102985   0.0026532 -0.00244556 -0.00575109 -0.0100503 -0.0181293  0.0180251
   366.699 -0.0994695  0.0672607 -0.0716514 0.000345855  -0.0013512 -0.00969144  -0.0128482 -0.00792923 -0.00227317
   366.799 -0.0701358   0.139926  -0.151487 -0.00046437  0.00169726 -0.00193991 -0.0136967 0.00496975  0.0246863
     366.9 -0.0811745  0.0366503  -0.109558 -0.00044188  0.00436662 -0.00209079 -0.0129581  0.0130151  0.0148885
       367 -0.076493 0.0548883 -0.102664 -0.00092384  0.00468294   -0.005811  -0.0135041   0.0115635 -0.00296183
     367.1 -0.111978 0.0951156 -0.115873 0.00309323 0.00196021 -0.0158995 -0.00854351  0.00277774  -0.0362241
   367.199 -0.12079 0.126849 -0.13396  0.00703605 0.000833674  -0.0125205 -0.00652312  0.00137221  -0.0129423
   367.299 -0.132803 0.0250044 -0.079776 0.00385923 0.00480223 -0.0161069 -0.0131874  0.0123891 -0.0216812
     367.4 -0.137614  0.108178 -0.108074  0.0031979 0.00139302 -0.0167299 -0.0144511 0.00118296 -0.0153496
     367.5  -0.147565  0.0652965 -0.0879289  0.00263321 0.000224897   -0.014046   -0.0165621  -0.00288751 -0.000638958
     367.6 -0.110513    0.1295 -0.118888  0.00132673 -0.00345268  -0.0071378 -0.0180849 -0.0122088  0.0239059
   367.699    -0.1435  0.0538822 -0.0370228  0.00341629 -0.00653387   -0.011599  -0.0153573  -0.0178643 0.000647688
   367.799  -0.118413   0.104855 -0.0487816 -0.000173527   -0.0108129   -0.0144148  -0.0194576  -0.0238884 -0.00817992
     367.9  -0.126133  0.0668925 -0.0978788 0.000321245  0.00310481  -0.0152705  -0.0189153   0.0230931 -0.00800478
       368 -0.127997 0.0942267 -0.127962 0.00207747  0.0040718  -0.011475 -0.0159683  0.0201191  0.0100638
     368.1 -0.119327 0.0867097 -0.109379 0.00037803    0.00462 -0.0126162 -0.0178885  0.0179783 0.00263489
   368.199   -0.15019  0.0921022 -0.0457133   0.0035164 -0.00980727  -0.0142683  -0.0133581  -0.0258549 -0.00208633
   368.299 -0.108763  0.101644 -0.119986  0.00135346 -0.00152782 -0.00805542 -0.0157587 0.00615046  0.0206937
     368.4  -0.126186   0.100405 -0.0548807  0.00275403 -0.00798544  -0.0107061 -0.0147412 -0.0124669 0.00439288
     368.5  -0.165091 0.00729588 -0.0386204 0.00581077 -0.0016248 -0.0219282 -0.0112171 0.00921217 -0.0354768
     368.6  -0.201906  0.0874999 -0.0759096  0.00704406 -0.00348752  -0.0255855 -0.0111359  0.0029183 -0.0348692
   368.699  -0.231788 -0.0123614  -0.047052  0.00664591 -0.00305567  -0.0215346   -0.013169  0.00240345 -0.00971375
   368.799 -0.209529 0.0494075  -0.14115   0.0032444 0.000420001  -0.0154838  -0.01707 0.0166876 0.0158181
     368.9  -0.237903  0.0139462 -0.0221054 0.00594895 -0.0100466 -0.0131996 -0.0141658  -0.017933  0.0181994
       369 -0.203285 0.0548223 -0.139321  0.00282648 -0.00207229  -0.0132709 -0.0187559  0.0118188  0.0117206
     369.1  -0.235515 -0.0459589 -0.0996321  0.0036753 0.00402665 -0.0143075 -0.0193693  0.0277387 0.00461131
   369.199  -0.279544 -0.0420522  -0.111481 0.00449624 0.00152632 -0.0167874  -0.0180048   0.0135041 -0.00659979
   369.299   -0.34795  -0.107382 -0.0831348 0.00639996 0.00382043 -0.0213202 -0.0167319  0.0159317 -0.0192547
     369.4  -0.313727 -0.0477642  -0.109318 0.00425176 0.00236891 -0.0154583 -0.0191886 0.00892638 0.00793343
     369.5  -0.322927 -0.0473089 -0.0814425  0.00240724 -0.00153117  -0.0164606  -0.0207332 -0.00490708  0.00170853
     369.6 -0.326896 0.0095347 -0.107165 0.00591623 0.00171053 -0.0151284 -0.0162045 0.00495683 0.00631261
   369.699  -0.316722  -0.126936 -0.0635235 0.00377476 0.00270405 -0.0110762 -0.0189199 0.00717965  0.0187326
   369.799  -0.334757 -0.0271983 -0.0817628   0.0011904 -0.00286671 -0.00947934  -0.0219695 -0.00941707   0.0171001
     369.9  -0.344114 -0.0713817 -0.0802868 0.00341023 0.00240634 -0.0187117 -0.0186634 0.00927406 -0.0209737
       370   -0.34363 -0.0219007  -0.081405  0.00574941 -0.00518238  -0.0238812 -0.0168637 -0.0138155 -0.0307997
     370.1  -0.322552 -0.0539023 -0.0895567   0.00613658 -0.000144674   -0.0210237  -0.017997 0.00409805 -0.0096681
   370.199    -0.316571 -1.31068e-05   -0.0881953  0.00272824 -0.00758642  -0.0207539 -0.0223974  -0.018237 -0.0046591
   370.299  -0.375387 -0.0943241 -0.0949531 0.00667218  0.0026092 -0.0224257  -0.0172882   0.0138487 -0.00953847
     370.4  -0.317027 -0.0376568 -0.0809762  -0.0013869 -0.00853433  -0.0139433 -0.0250589 -0.0210728   0.023324
     370.5 -0.326205 -0.101103 -0.114662 -0.000313877        0.006   -0.0129141 -0.0236901  0.0248314  0.0186213
     370.6  -0.345977 -0.0291987  -0.183814 0.00638386   0.011365 -0.0174308  -0.0150517   0.0340989 -0.00222313
   370.699   -0.36602 -0.0929597  -0.104266 0.00884182 0.00535424 -0.0246412 -0.0130943  0.0065486 -0.0263211
   370.799  -0.354653 -0.0902521 -0.0724413 0.00311396 -0.0073649 -0.0178381 -0.0219976 -0.0304153 0.00783591
     370.9  -1.07458 -0.206299 -0.123938  0.00570764 -0.00558456  -0.0213428 -0.0381719   -0.02117 0.00979013
       371 -4.32836  -1.3258 -1.00255 0.00406281 -0.0051052 -0.0200682  -0.0270577 -0.00360392   0.0452086
     371.1  -5.56741  -1.21521 -0.563399  0.0049071 0.00124846 0.00160968 -0.0175332  0.0246577   0.161152
   371.199  -8.6815   -2.168 -0.28349 0.0121784 0.0015696 0.0253285 -0.00380536   0.0159425    0.246891
   371.299 -12.9808 -2.22023 -0.14206   0.0137176 -0.00469811     0.05937 -0.026968 -0.019569  0.305176
     371.4 -16.4701  -2.7229 -1.44789  0.00769036 -0.00652416   0.0908136 -0.0629393 -0.0394023   0.306601
     371.5 -19.3607 -3.79665 -4.18702 -0.00240125  0.00254518    0.138654 -0.0981512 -0.0223994   0.344988
     371.6 -19.8202 -4.27742 -7.37767 -0.0200204 -0.0168521   0.179488 -0.145273 -0.095798  0.293895
   371.699 -17.5332 -4.15019 -11.6163 -0.0149432 -0.0259538   0.155611 -0.0845639 -0.0868805  0.0316944
   371.799 -14.1055 -4.21206 -14.2967 -0.00654358  -0.0427418     0.13737 -0.0313374 -0.0659602 -0.0820693
     371.9 -11.3111 -4.98214 -15.2447 -0.00510252  -0.0328245    0.126697  0.0478802  0.0333189 -0.0717043
       372 -9.84205 -5.60636 -12.7878 -0.00167103  -0.0064215    0.134452  0.114801  0.140764 0.0200798
     372.1 -8.90179 -5.64639 -7.44127  0.00173983 0.000759981    0.157816  0.13152 0.154177 0.120842
   372.199 -8.73279 -5.08547 -1.70614 0.0112129 0.0107062  0.163274 0.147155 0.160426 0.118075
   372.299 -8.93871 -4.53502  5.04891 0.0146455 0.0228795  0.175815 0.127744 0.165616 0.116373
     372.4 -7.99797 -4.01455  13.4339 0.0245557 0.0530231  0.176686 0.0979324  0.206647 0.0677826
     372.5 -7.57286 -4.67808   21.388 0.0469257 0.0640753  0.173206 0.0936077   0.12488  0.041101
     372.6 -11.7805 -5.85008  27.0679 0.0474987 0.0929924  0.169783 0.0387389 0.0833144 0.0669859
   372.699 -18.4126 -4.59388  29.5706 0.0444394 0.0906412  0.180745 -0.0263454 -0.0372861  0.0982201
   372.799 -24.8324 -3.17616  28.4305 0.0343821 0.0503606  0.209888  -0.11667 -0.218356  0.153015
     372.9 -28.7209 -1.47215  21.1184 0.00884954  0.0258308   0.251671 -0.265563 -0.323775  0.131961
       373 -27.8217 0.828722  11.1995  -0.0032517 -0.00317038    0.239957  -0.287964  -0.324421 -0.0720223
     373.1 -24.9434  1.45294 0.341347 -0.0303636 -0.0323898   0.244599 -0.292224 -0.257179 -0.105973
   373.199  -19.7663 -0.731212   -6.4876 -0.0462771 -0.0401756   0.232396  -0.149742 -0.0684722  -0.150065
   373.299 -14.7702 -3.51017 -6.71967 -0.0488455 -0.0163252   0.232239 -0.00333906    0.124941  -0.0978515
     373.4 -10.0623 -5.92052 -3.00365 -0.0286871 -0.0108209   0.198842  0.127709  0.167544 -0.173484
     373.5 -6.15304 -7.19722  2.35514 -0.00624339    0.025765    0.175945  0.175708  0.247323 -0.137942
     373.6 -3.95497 -7.34856   8.7788 0.00973879  0.0647978   0.167574   0.172501   0.309828 -0.0754972
   373.699 -1.74259  -6.7497  17.3366 0.0293386 0.0825804  0.155848    0.15543   0.257802 -0.0484086
   373.799 -0.298208  -5.88581   26.8367 0.0357614  0.097375  0.173182  0.114769  0.193556 0.0591447
     373.9 -0.550689  -5.96356   37.4988 0.0474311  0.115539  0.160276  0.0748683   0.176532 0.00937342
       374 -3.98234 -10.4707  48.2604 0.0498317  0.129531  0.169327 -0.014655  0.119875  0.137869
     374.1  -11.621 -16.2469  55.3256 0.0712938  0.131685  0.243382 -0.0666662 -0.0414182   0.425431
   374.199 -19.7111 -18.1784  55.5047 0.0842218  0.126135  0.305597 -0.0867888  -0.274333   0.436474
   374.299 -24.1217 -18.1825  46.9524 0.0231349  0.103617  0.379273 -0.274153 -0.514717  0.385831
     374.4 -28.4979 -17.0718  33.8427 0.0485484 0.0599053  0.341324   -0.11487  -0.574393 -0.0464896
     374.5 -30.7709 -14.7775  20.7861 0.0386243 0.0391116  0.287903 -0.0857254  -0.451195  -0.273111
     374.6 -29.6325 -11.9013  11.2918 -0.0105661  0.0288267   0.236854 -0.112314 -0.234826  -0.32665
     374.7 -25.1155 -9.70993  6.14187 -0.0307886  0.0133999   0.201017 -0.0526264  -0.103455  -0.340992
   374.799 -19.3723 -8.88216  5.54362 -0.0454374  0.0192267   0.194337 -0.0272439  0.0661177  -0.245531
     374.9 -13.3442 -8.23809  9.06548 -0.0296434  0.0524449   0.161341 0.0535896  0.246667 -0.257473
       375 -7.87223 -7.34021  15.3168 -0.0302882  0.0829291   0.156201 0.0747848  0.353681 -0.114743
     375.1 -3.79843 -6.16693  23.9667 -0.0202754    0.10488   0.154089  0.107529   0.35708 -0.013101
   375.199 -1.98057 -5.07373  32.5414 -0.0119061   0.151979   0.139175   0.087979   0.353441 -0.0280334
   375.299 -1.49389 -3.88287  41.2215 -0.00274682    0.180619    0.119568   0.057297   0.278421 -0.0472419
     375.4 -2.30925 -4.74492  48.8417 0.000299092     0.20104     0.17763 0.0173114  0.143578  0.223851
     375.5 -5.96589 -8.33282  55.8716 0.013511 0.206078 0.209705 -0.0109672 -0.0104605   0.296483
     375.6 -11.5584 -13.1497  57.5293 -0.00466695    0.211195    0.240122  -0.10061 -0.175558  0.318511
   375.699 -16.2571 -15.4588  50.7401 -0.0257164   0.213932   0.289324  -0.17064 -0.345372   0.35306
   375.799  -21.924 -13.3153  42.3122 -0.0151887   0.158523   0.298024 -0.123877 -0.491144  0.212786
     375.9 -25.7719 -9.56878  33.8475 -0.00898437    0.120406    0.284804 -0.104268 -0.498404 0.0446596
       376  -28.899 -5.28544  25.0909 -0.0246167  0.0944375   0.246885  -0.134662  -0.410139 -0.0989974
     376.1 -30.1909 -1.14739   16.183 -0.0643525  0.0742711   0.239584 -0.256543 -0.335813 -0.106474
   376.199 -28.6716  3.06439   7.2377 -0.0963554  0.0357947   0.272113   -0.358213    -0.35674 -0.00167912
   376.299 -27.7205  6.57708 -2.41097 -0.132796 0.0232793  0.275993  -0.386062  -0.256062 -0.0179725
     376.4  -26.374  8.65563 -11.1566 -0.164523 0.0018198  0.281404  -0.379448  -0.199387 -0.0514721
   376.499 -24.6548  8.94726 -20.2511   -0.186878 -0.00278095    0.276012 -0.366285 -0.120217 -0.094537
   376.599 -22.9227   10.193 -27.6409  -0.226574 -0.0848453   0.287182  -0.408352  -0.270461 -0.0202674
     376.7 -20.6166  11.3675 -35.0776 -0.260854 -0.134442  0.304582 -0.373239 -0.267374 0.0414441
     376.8 -17.8199  12.6242 -41.2969 -0.273993 -0.130193  0.311721 -0.237076 -0.134144 0.0615259
     376.9 -16.0002  13.5001 -45.9539  -0.26604 -0.121114  0.304554  -0.0639966  -0.0162459 -0.00857408
   376.999 -14.5567  13.7233 -50.6986 -0.216876 -0.104837   0.26567  0.155969 0.0641735  -0.17635
   377.099 -12.3868  13.5097 -56.3728  -0.182229 -0.0539351   0.260833   0.25286  0.205347 -0.114586
     377.2 -10.6775  13.3783 -61.8931  -0.214369 -0.0475685   0.301248  0.114669  0.204781 0.0755935
     377.3 -9.01227  13.6086 -67.2068  -0.217684 -0.0659102   0.256221  0.095795   0.11283 -0.111806
     377.4 -5.8511 13.2372 -73.921  -0.243732 -0.0572296   0.278748 -0.00722522    0.135705   0.0523785
   377.499 -2.40657  11.9674 -80.4099  -0.234317 -0.0338164   0.285252  0.021879  0.193469 0.0301207
   377.599 -0.370043   10.3242  -86.8618   -0.25749 -0.0364646   0.283274 -0.0501525    0.17356 -0.0265682
     377.7 0.0687311  -9.13965   87.5226  -0.277453 -0.0211445   0.266808 -0.0837773   0.192711 -0.0892521
     377.8 -0.0412355    8.36064    82.3652  -0.293783 -0.0166253   0.275358 -0.0897869   0.232316 -0.0390301
     377.9 -0.43026  8.19049  77.1897  -0.297339 -0.0054761   0.271752  -0.017688   0.243639 -0.0366077
   377.999  -0.643 8.48964 72.7716   -0.297609 -0.00784968    0.254713  0.0307581   0.202931 -0.0586325
   378.099 0.0502356  -9.40383   68.9169 -0.290343 -0.012651  0.253507   0.115095   0.184942 -0.0329513
     378.2   1.0193 -10.1905  64.5127  -0.288764 0.00362089   0.260607  0.151813  0.199707 0.0199094
     378.3  2.33051 -10.0919  60.8307 -0.284265 0.0230224   0.27892  0.197005  0.239768 0.0684052
     378.4  3.10083 -9.75201  56.3619 -0.287323 0.0430559  0.286902  0.210499  0.232959 0.0537758
   378.499  3.69578 -9.35676  52.0145 -0.268764 0.0524785   0.28669  0.298193  0.178339 0.0240685
   378.599  4.5377 -8.7176 48.1743 -0.271938 0.0685333  0.278174    0.292851    0.170649 -0.00986092
     378.7  5.59981 -7.58177  44.5526 -0.252388 0.0800635  0.282958  0.333601  0.120748 0.0327112
     378.8  6.81762 -7.10061  41.7412 -0.214685 0.0708826  0.299585  0.424918 0.0752034 0.0509537
     378.9  7.33891 -6.48154  40.1021 -0.202723 0.0786809  0.301164 0.378343 0.106753 0.039141
   378.999  9.33023 -7.33197  37.6578 -0.185748 0.0854454  0.310499  0.323956  0.152851 0.0342528
   379.099  11.6266 -8.94883    35.17 -0.188505  0.108037  0.318869  0.271323  0.208279 0.0350894
     379.2  15.6205 -11.2554  33.0062 -0.17826 0.128094 0.349771 0.312178 0.225711 0.128931
     379.3 18.9858 -12.994 31.2861 -0.161913  0.140936   0.36774 0.284997 0.168222 0.121395
     379.4  21.265 -14.418  30.504 -0.144937  0.134627  0.364832  0.281141 0.0586801 0.0463938
   379.499  23.2191 -15.3225  31.7208 -0.142597  0.135763  0.321747   0.207399 -0.0524624 -0.0906895
   379.599  27.4259 -18.3401  32.9932 -0.13468 0.116573 0.301026  0.201923 -0.124809 -0.127165
     379.7  30.2491 -19.8664  34.1296 -0.136908   0.11414  0.312773   0.145142  -0.135312 -0.0569632
     379.8   33.482 -21.1275  36.2514 -0.129329  0.100956  0.318384    0.179483   -0.104343 -0.00310945
     379.9   37.897 -23.7112  38.1258 -0.118398  0.088502  0.328901     0.20651  -0.0712507 -0.00739834
       380  41.6654 -31.0675  40.4146 -0.128114 0.0911962  0.317453   0.134518  -0.102504 -0.0946837
   380.099  43.693 -36.041 42.0423 -0.151092 0.0776124  0.309176  0.065896  -0.10219 -0.118121
     380.2 44.5216 -39.275 44.0698 -0.126988 0.0767588  0.329577   0.182154 -0.0468163 -0.0221327
     380.3  45.9518 -44.3456  47.3688 -0.122664 0.0726624  0.335492   0.192682 -0.0590896 0.00354462
     380.4  47.6405 -48.6398  51.7941 -0.110288  0.059175   0.34223   0.213187 -0.0665648  0.0181947
     380.5 49.9267 -52.237  56.962 -0.136649 0.0251644  0.332299  0.0766431  -0.170132 -0.0193096
   380.599  50.0081 -57.4903  64.2312  -0.157662 0.00339909   0.327392  -0.018797  -0.177765 -0.0529679
     380.7  43.5739 -63.3133  76.2982 -0.192788 0.0138196  0.336559 -0.0879871 -0.0810006  0.0216576
   380.799  31.8109  -69.053 -85.3793 -0.161163 0.0333014  0.350297  0.114049  0.088647 0.0394783
   380.899  7.49894 -72.6107 -53.6684 -0.146146  0.024943  0.361479  0.196021  0.130987 0.0236447
       381 -18.4178  71.2945 -19.8818  -0.136816 -0.0117549    0.36557   0.201014 0.00724293 -0.0243952
     381.1 -32.1648  67.2613  1.69094 -0.114061 0.0228527  0.371501 0.209026 0.165996  -0.0212
     381.2 -40.9721  62.6381  18.3724 -0.0742192  0.0624152   0.357326   0.216551   0.262081 -0.0688168
   381.299 -42.8988  56.6458  28.3717 -0.0442374  0.0880965   0.338714  0.206574  0.234868 -0.112378
   381.399 -40.8886  48.8473  34.6102 -0.0173186  0.0936787   0.318936   0.19278  0.161221 -0.131742
     381.5 -37.7928  41.2234  37.9411 0.00441716  0.0888641   0.304292  0.156561 0.0844577 -0.153782
     381.6 -33.4604   35.066    39.16 0.0131995  0.103357  0.294854    0.1084  0.136194 -0.140681
     381.7 -29.5035  32.2428  41.6853 0.0210322   0.11665   0.27378 0.0607346   0.15272 -0.130414
   381.799 -24.9674  27.6637   44.287 0.0273988  0.122458   0.28016  0.0325357   0.140969 -0.0414349
   381.899 -20.1714  22.9659   48.018 0.0235447  0.138013  0.293453 0.0295264  0.168854 0.0145592
       382 -17.3676  19.3871  54.1645 0.0219525  0.163255   0.29154 0.0100912   0.20935  0.021967
     382.1 -16.4276  14.3509  60.9042 0.0129844  0.187676  0.286211 -0.00579284    0.182046 -0.00718449
     382.2 -15.7666  10.4744  66.1695 0.0066351  0.224243  0.256497 -0.0364002   0.144216 -0.0761633
   382.299 -18.6375 0.803458  68.1546 0.000441062    0.227105    0.271722 -0.0536725  0.0115113   0.104956
   382.399 -27.3159 -10.0737  66.0839 0.0298936  0.208825  0.291351 0.0383509 -0.232643  0.156398
     382.5 -34.8815 -15.8124  58.1041 -0.0519612   0.230639   0.326979 -0.286266 -0.336959  0.172886
     382.6 -41.3991 -17.0311  47.1527 -0.074307  0.193646  0.349141 -0.277975 -0.514056   0.15864
     382.7 -45.0064 -14.0121  35.2573 -0.0366742   0.142511   0.337802 -0.0875698  -0.581911 0.00576001
   382.799 -46.5314 -6.33887  24.2893 0.000153258   0.0714354    0.360868 0.00604393  -0.652948  0.0436551
   382.899 -48.2057  3.15396  15.4805 0.0291177 0.0168303  0.336997  0.0814276  -0.564226 -0.0534825
       383 -47.7769  11.3983  8.09058 -0.078422 0.0440316  0.321205 -0.247394 -0.218382  0.040923
     383.1 -44.1043  17.5659  1.09667 -0.096874 0.0353819   0.30941  -0.230034  -0.125411 -0.0178215
     383.2 -39.5863  22.0458 -5.68917   -0.112765 -0.00484589    0.314747  -0.212134  -0.142187 0.00145777
   383.299 -37.2136  25.5662 -10.5859  -0.130918 -0.0224687   0.317355  -0.182629 -0.0717105  0.0262651
   383.399 -37.7533  28.2418 -13.5017  -0.151321 -0.0208114   0.330699  -0.165784 -0.0290325  0.0555738
     383.5 -36.1729  30.0813 -17.8556  -0.160473 -0.0288522   0.324417  -0.109874 -0.0657865 0.00232823
     383.6 -31.4366  31.2634 -24.7044   -0.18269 -0.0436319   0.333424  -0.102628 -0.0922931  0.0287293
     383.7 -24.8686  31.2515 -31.4664  -0.188806 -0.0387765   0.336282 -0.0135405 -0.0490551  0.0319974
   383.799 -18.8376  29.2803 -34.5298  -0.158207 0.00113412   0.331817  0.149559   0.11092 0.0274952
   383.899 -13.7275  26.2404 -34.8859    -0.14689 -0.00718723    0.310493   0.203686  0.0246263 -0.0643427
       384 -6.61735  22.8706 -37.7232   -0.139351 -0.00920672    0.298609   0.192976 0.00678161 -0.0905188
     384.1 -2.19664  20.4514 -39.6481 -0.143556 -0.028922  0.277747   0.152219 -0.0482597  -0.107315
     384.2  1.47371 -19.4211 -41.3021  -0.137206 -0.0261525   0.272589   0.168467 -0.0205011 -0.0606654
   384.299  5.74702 -20.0043  -41.725  -0.137004 -0.0244018   0.279554    0.215494   0.0454637 -0.00611228
   384.399  7.96488 -21.6509  -37.317  -0.126945 -0.0117281   0.272829   0.292151   0.115418 -0.0388466
     384.5  8.22051 -23.9231 -30.8099 -0.107112 0.0137861  0.265878 0.310343 0.155759  -0.0415
     384.6  6.76235 -26.1891 -25.6997 -0.0852755  0.0371029   0.253406   0.219854   0.132411 -0.0426037
     384.7  6.77203 -26.6964 -30.3014 -0.0926745  0.0415773   0.259507   0.0361618  -0.0553394 -0.00128598
   384.799  8.67661 -25.5778 -40.6847 -0.116887 0.0304696  0.279955 -0.118389 -0.117894 0.0914066
     384.9  8.95067 -24.1929 -49.4028  -0.131009 0.00489294   0.277323 -0.182848 -0.146635 0.0579656
   384.999  8.84453  -22.343 -58.0406  -0.161564 -0.0163783    0.26942    -0.226157    -0.134801 -0.000751214
   385.099  8.99802 -20.5506 -65.7521  -0.177036 -0.0134687   0.292575  -0.168224 0.00186498   0.048992
     385.2  9.27951 -18.7148 -72.9061   -0.176914 0.000405814    0.316325  -0.07738  0.129701 0.0860452
     385.3  9.29025  -16.732 -79.6354  -0.205858 0.00517876   0.298074 -0.0806196   0.145134 -0.0185101
     385.4  9.13565 -15.6412 -85.9561 -0.213713 0.0174797  0.300699  -0.0158989    0.206866 -0.00012791
   385.499  9.29239 -14.9455  87.2939 -0.236838 0.0320566  0.308003 -0.0465298   0.262687 0.00996299
   385.599   9.4157 -14.4198  80.2225 -0.246418 0.0452376  0.303032 -0.0200683   0.251879 -0.0184368
     385.7  9.71241 -13.8965  72.2545 -0.265725 0.0610665  0.297238  -0.032017   0.234744 -0.0559156
     385.8   9.4372 -12.5829  64.1267 -0.184367 0.0410838  0.299266  0.285096  0.131922 -0.042259
     385.9  9.35678 -11.2048  56.3895 -0.137182 0.0348584  0.288114  0.446668 0.0787944 -0.060303
       386  10.4797 -10.2985  49.7535 -0.120008 0.0449209  0.292169    0.473652   0.0790907 -0.00576883
   386.099  12.8034 -8.98326  43.3735 -0.0992921  0.0523125   0.303578   0.46794  0.101174 0.0448703
     386.2  15.7571 -7.18367  35.9054 -0.0912641  0.0662643   0.301582    0.406475    0.153462 -0.00364264
     386.3  18.4281 -5.08572  29.0374 -0.0863019  0.0883476   0.305388   0.376017   0.220402 0.00787371
     386.4  21.0441 -3.04009  21.8076 -0.0778569    0.10854   0.308349    0.37628   0.234596 -0.0119056
     386.5   22.6819 -0.944724   14.7703 -0.0563993   0.115408   0.314192   0.394377   0.173339 -0.0377622
   386.599  23.2546 0.562541  8.89164 -0.0501998   0.113508   0.357672  0.372478  0.107959 0.0706576
     386.7 23.2972 2.07993 3.16326 -0.0295008   0.110391   0.294695  0.274721 0.0377935 -0.140547
     386.8  23.2946   3.2042 -2.11343 -0.030859  0.103051  0.273396    0.206967 -0.00585635   -0.182214
     386.9  22.5131  4.88238 -6.75219 -0.0287111   0.135569   0.303365   0.206574  0.0662854 -0.0554034
   386.999  21.2946  5.38865 -12.0737 -0.0213542   0.126285   0.327659    0.217645 -0.00774161   0.0138118
   387.099  19.3312  8.00247 -15.3236 0.0213026  0.202532  0.393998 0.284233 0.114328 0.179921
     387.2  18.7791  8.25332 -18.5312 0.0249324  0.195966   0.41674   0.197805 -0.0248074   0.163351
     387.3  17.6512  9.51679 -21.7261 0.00681085   0.195633   0.364894  0.0955942  -0.115858 -0.0599953
     387.4  18.8698  13.8927 -24.8638 0.0223475  0.224879   0.41169  0.102792 -0.150004 0.0956781
   387.499  18.5273  15.2616 -29.3379 0.00619059   0.192883   0.397616   0.0703806   -0.346008 -0.00133249
   387.599  17.1082  18.9205 -34.3742 0.00438355   0.172783   0.386176  0.038659 -0.494932 -0.103755
     387.7  16.0274  21.8468 -38.8167 0.0279317  0.158008   0.39192  0.0735119  -0.636028 -0.0620886
     387.8  16.8115  21.2627 -42.6732 0.0692479  0.221401  0.382558  0.172519  -0.46383 -0.159666
     387.9  15.4987  21.0479 -48.3364 0.113668 0.249629  0.37219  0.167679 -0.385228 -0.216127
       388  12.0766  18.8461 -53.3491  0.15691 0.291604 0.367551  0.213364 -0.337793 -0.211923
   388.099  8.11031  15.0508 -58.7611 0.107374 0.246326 0.361116 -0.039741 -0.525947 -0.224905
     388.2  5.33823  10.3632 -61.3449  0.10316 0.204441 0.392973 -0.0664111  -0.678588 -0.0822199
     388.3  3.32112  6.55891 -65.4769 0.0527562  0.173732  0.456066 -0.168068  -0.79437 0.0925679
     388.4  1.56735   3.0725 -69.5314 0.0588135  0.187089  0.430737 -0.0686755  -0.790233 -0.0529694
     388.5  1.06277 0.652579 -74.7512 0.0717718  0.183785  0.403083 6.31316e-05   -0.837311    -0.14525
   388.599 0.690985  1.36862 -77.8135 0.0808258  0.175657  0.388544 -0.0123481  -0.890979  -0.125788
     388.7  2.51922  5.01052 -77.2563 0.0497465  0.160338  0.382004  -0.123499  -0.962972 -0.0978775
     388.8  4.83929  10.4841 -73.8396 0.042591 0.147438 0.397414  -0.122717  -0.994375 -0.0268212
     388.9  7.59433  16.0612 -69.3643 0.0656391   0.14636   0.42295 -0.0318379    -1.0331  0.0454924
       389  12.0087  22.0969 -63.2614 0.0813853  0.134944  0.462914 0.00854141   -1.06172   0.107822
   389.099  16.7271  25.2528 -53.9987  0.11337 0.142143 0.450725 0.0490112 -0.942585 -0.027449
     389.2  20.5436  24.9778 -43.0576 0.116718 0.152395 0.375512 -0.00704124    -0.74119   -0.381485
     389.3  13.0292   18.377 -45.5255 0.142389 0.206705  0.30211 0.0991747  -0.50323 -0.686466
     389.4  7.44617  11.8037 -51.6715 0.150294 0.240321 0.299082  0.146328 -0.462082 -0.541399
     389.5  5.92685   9.4717 -53.1042 0.129006 0.227431 0.341587 0.0940329 -0.618148 -0.235439
   389.599  2.15253   6.0646 -55.9916 0.113573 0.205416 0.431472 0.0464411 -0.720703 0.0741998
     389.7  0.41745   2.3287 -56.6855 0.0986109  0.197111  0.467725 0.00438926  -0.766172   0.174255
   389.799  2.62761  3.96498 -52.9106 0.0803014  0.184839  0.449179 -0.0614201   -0.81712  0.0639638
   389.899 6.51441 7.57404 -45.545 0.0686384  0.172648  0.443521 -0.079322 -0.877119 0.0305955
       390  9.76551  9.52583 -38.3936 0.0729735  0.186248  0.435755 -0.0257577  -0.806863 -0.0283571
     390.1  13.1837  12.6349 -30.5596 0.0526296   0.19021  0.386138 -0.072405 -0.762241 -0.224284
     390.2  16.9099  14.2693 -21.3141 0.0433291  0.187197   0.37362 -0.0986653  -0.756751  -0.238995
   390.299  22.5937  12.5132 -9.31105 0.0252919  0.158454  0.391851 -0.121844  -0.80869  -0.15111
     390.4 26.5247 10.6875 3.97546 0.0132448  0.145785  0.410943  -0.159179  -0.796014 -0.0809378
     390.5  29.169 6.50216 15.9801 -0.020864  0.105573  0.428665  -0.181501  -0.817364 -0.0308257
   390.599  35.2104 -4.64317  22.2602 -0.078707  0.037933  0.271826 -0.330323 -0.758544 -0.485312
     390.7  35.4885 -8.21126  31.5222 -0.100046 0.0354578  0.250839 -0.235474 -0.568812 -0.395941
   390.799  35.1366 -10.5217  42.2205 -0.0991744  0.0482041   0.275469 -0.118925 -0.345384 -0.170956
   390.899  34.3658 -12.2664  49.5438 -0.0886193  0.0528429   0.300962 -0.0308352  -0.198915 -0.0123194
       391  32.5887 -12.7314  54.0127 -0.0867133  0.0439214   0.311422 -0.00146886   -0.172057   0.0368651
     391.1  30.2559 -12.4077  59.8478 -0.0817473  0.0301972   0.316028 0.0278904 -0.184599 0.0513962
     391.2  29.3543 -13.0657   69.371 -0.0919555  0.0237623   0.312537 0.0173896 -0.181597 0.0303291
   391.299 29.1826 -15.307 81.1191 -0.105168 0.0119595  0.302307 0.00796514   -0.19088 0.00361702
   391.399  27.1358  -19.488 -85.8836 -0.205529 0.0411901  0.315801 -0.274002  -0.10786 0.0511706
     391.5  23.8779 -21.5351 -74.7822 -0.190047 0.0386883  0.327455 -0.196866 -0.114188  0.125072
     391.6  18.3445 -22.5086 -65.9133 -0.154376 0.0261696  0.298683 -0.0897146  -0.118274  0.0318491
     391.7  11.7021  -22.357 -57.2537 -0.141426 0.0031872  0.291795 -0.0518946  -0.167751   0.011101
   391.799  6.94175 -20.5872 -50.1418   -0.14808 -0.0329971    0.27916 -0.0216256  -0.191287 -0.0372352
     391.9  2.09864 -18.1397 -39.5775  -0.149614 -0.0446252   0.296892  0.0505869 -0.0989473 0.00287052
       392 -2.04637  13.8386 -29.1077  -0.136436 -0.0586017   0.276127   0.103927  -0.088124 -0.0833537
   392.099   -4.798  8.53621 -20.0938  -0.120519 -0.0472817   0.263233     0.149841 -0.000344861   -0.0883036
     392.2 -6.85048  4.95784 -12.1785  -0.105874 -0.0399844   0.253526   0.155567  0.0784045 -0.0402328
     392.3 -7.98588  3.22021 -4.15922  -0.102793 -0.0124293   0.252785    0.141723    0.147871 -0.00707597
     392.4 -7.86474  2.40154  2.83509 -0.0932696  0.0240307   0.257243  0.154893  0.169131 0.0259148
     392.5 -6.78975   1.8389  8.38011 -0.0927742   0.034755   0.267246  0.123136  0.111612 0.0342742
   392.599 -4.97816  1.15474  13.2299 -0.0801713  0.0477634   0.256179   0.131049  0.0836186 -0.0420702
     392.7 -3.27909 0.503188   18.561 -0.0767003  0.0616024   0.237868   0.108969  0.0831674 -0.0726189
   392.799 -2.81654 -1.19663  23.1539 -0.0774053  0.0712887   0.234098   0.115415    0.10188 -0.0748287
   392.899 -0.671548  -2.21282   28.7646 -0.0832735  0.0887078   0.235678   0.106057   0.144417 -0.0376925
       393 -0.0848442   -3.83854    35.4532 -0.0837329   0.112008   0.233998  0.0917434   0.140143 0.00199477
     393.1 -5.62723 -7.90174  38.8772 -0.0938736   0.127856   0.249173  0.0500648 0.00292229   0.136063
     393.2 -16.9721 -13.0212  32.6044 -0.0821649    0.11888   0.268932 0.0865849 -0.177391  0.159551
   393.299 -27.3725 -11.3818  21.0728 -0.0915588  0.0938192    0.28302  0.103346 -0.260942  0.136068
   393.399 -28.8153 -4.12002   9.2149 -0.115224 0.0789471   0.29893 0.0440735 -0.279389  0.106187
     393.5 -24.6947  1.68232 -2.13933  -0.11206 0.0198116  0.307974 0.0489619 -0.415115 0.0210604
     393.6 -12.7037  3.75883 -13.6379 -0.0936304 -0.0091158   0.278071 0.0789464 -0.381502 -0.180264
     393.7 -0.72509  2.33286 -22.7464 -0.0952274 -0.0309248   0.235974 0.0649381 -0.280961 -0.220895
   393.799  5.25337  1.87955 -24.6527 -0.0861052 -0.0558876   0.180197 0.0982438 -0.188873 -0.262832
   393.899  9.15817  5.01277 -19.5687 -0.0729551 -0.0184986   0.187026   0.222435 0.00175277  -0.100474
       394  11.9069  5.47202 -13.6133 -0.0793137  -0.019465   0.177001   0.220553  -0.015548 -0.0837671
     394.1  10.6563  4.33191 -5.12338 -0.0766585 0.00580244   0.158598   0.195589  0.0708724 -0.0949482
     394.2 5.94888 3.89649 6.15567 -0.0805763  0.0613179   0.166727   0.160405   0.183664 -0.0316376
   394.299 -3.74665 -1.79855    14.35 -0.0839127  0.0702987   0.183683    0.1068 0.0757573 0.0616923
     394.4 -15.7469 -3.26747  16.5575 -0.094042 0.0748562  0.235406  0.0506677 -0.0234684   0.228251
     394.5 -27.0124 -5.20996   14.522 -0.0936765  0.0623633   0.264224 0.0218731 -0.121705  0.242353
   394.599  -36.744 -2.31069  9.56211 -0.104731 0.0536524  0.292388 -0.0284199  -0.179501    0.22695
     394.7 -41.8056  4.09098 0.840197 -0.110714 0.0426421  0.295961 -0.0374302  -0.213605   0.123802
     394.8   -38.64  9.47054 -8.19404  -0.134101 0.00708059   0.314901 -0.0826913  -0.305769   0.123165
     394.9 -25.8875  10.7315 -21.7387   -0.127857 -0.00769257    0.297704 -0.0144315  -0.309047 -0.0321971
       395 -10.3989  5.00484 -31.0154 -0.135495 -0.082157  0.274841 0.00349584  -0.372729   -0.10572
   395.099 -2.48459 -1.88358 -26.1839  -0.109741 -0.0485115    0.24029   0.272372 -0.0172962 -0.0974556
     395.2 0.336498  3.75432 -14.0317 -0.0812332 -0.0154593   0.236693   0.418032   0.124414 -0.0379659
     395.3  2.16001  3.47592 -2.02304 -0.0753678 -0.0103807   0.180766  0.396539 0.0651056 -0.225786
     395.4 2.95194 4.11827 8.31594 -0.0606503  0.0527866   0.163793  0.351651  0.136241 -0.228658
     395.5 3.58182 6.32321 16.3546 -0.0524736  0.0620635   0.181897  0.299464 0.0626847 -0.120904
   395.599 5.55123 7.92645 22.8333 -0.0484942  0.0861505   0.179015   0.205693  0.0907719 -0.0784986
     395.7 7.62574  9.3613 30.5492 -0.0480983   0.102062   0.174562   0.122078   0.085456 -0.0153992
     395.8 7.02974 10.6811 38.1104 -0.0559639   0.105858   0.196431 0.0812127 0.0531663  0.113694
     395.9 2.06481 14.3507 41.9083 -0.0754516   0.119854    0.21729 -0.00245371   0.0615508    0.176521
       396 -6.59623 -17.1654  40.9512 -0.0561802   0.111989   0.236223 0.0916292 0.0273421  0.156018
   396.099 -6.65248 -14.8532  44.9667 -0.0496907   0.114733   0.255379  0.114557 0.0815185  0.123967
     396.2 -2.55272 -14.2593  52.7658 -0.0644033   0.149494   0.242422   0.117571   0.140286 -0.0123838
     396.3 -0.137091  -14.1836   59.0414 -0.0673214   0.155387   0.260387  0.128952 0.0764953  0.102072
     396.4 -3.31729 -17.9571  62.2626 -0.084406  0.172446  0.278551 0.0938094 0.0550159  0.180947
     396.5 -10.2783 -23.6537  60.7898 -0.0682086   0.161993   0.281871   0.163222 -0.0863134  0.0900892
   396.599 -13.0896 -26.2978  57.3063 -0.0715125   0.163569   0.274249   0.160846 -0.0188211 -0.0196157
     396.7 -6.89025 -21.4213  61.8438 -0.0837327   0.169165   0.283002  0.0823421  0.0379445 -0.0047588
   396.799 -0.754609   -14.774   66.0839 -0.0704688   0.174511   0.285694    0.15248 -0.0230681  0.0201185
   396.899  -1.9957 -14.2863   64.665 -0.0636412   0.166955   0.278048   0.104894 -0.0877564   0.105005
       397 -15.4392 -19.3978  56.4723 -0.0808141   0.161089   0.293275 0.0171985 -0.131476  0.230719
     397.1 -26.3061  -17.568   43.238 -0.0738532   0.147254   0.317307 0.0428293 -0.194438  0.221314
     397.2 -32.7312 -8.42568  31.3703 -0.0678554   0.135868   0.322044 -0.00308872   -0.178779   0.0999232
   397.299 -33.3714   2.6941  21.7431 -0.0803103   0.124669    0.30819 -0.0454464  -0.130275 -0.0545975
   397.399 -27.8783  12.0535  8.53821 -0.127467  0.135667   0.28307  -0.15853 -0.103384 -0.207343
     397.5 -19.7809  17.5824 -7.99167 -0.147594   0.10168  0.268821 -0.216888  -0.21719 -0.203675
     397.6 -13.9143  18.7221  -23.227 -0.171279 0.0896472  0.237674 -0.199893  -0.17899 -0.165952
     397.7 -9.26155  19.0405 -36.1683 -0.189629 0.0737621  0.236872   -0.13451  -0.172213 -0.0566847
   397.799 -6.93019  21.2018 -47.7728  -0.19264 0.0651665  0.240368 -0.0996464 -0.0891269  0.0254029
   397.899 -9.00731  26.3776  -55.732 -0.210994 0.0616074  0.251475 -0.0676591 -0.0387398  0.0858009
       398 -7.72629  29.7425 -64.0256 -0.214535  0.069892  0.260587 0.00179718 -0.0258521   0.109038
     398.1 -3.03915  32.9837  -74.283 -0.201776 0.0899274  0.267161 0.0760157 0.0219459  0.107901
     398.2  2.21712 -35.8713 -84.3561 -0.197904 0.0992582   0.26985  0.141525 0.0286045 0.0915206
   398.299  7.98651 -37.7612   88.161 -0.176421 0.0941816  0.260832   0.231685 -0.0571385  0.0318139
   398.399  14.3865 -38.0283  82.8626 -0.172196 0.0846453  0.245119   0.179989  -0.174235 0.00221827
     398.5  18.3628 -37.2734  80.8188 -0.159852 0.0728017   0.24698  0.173596 -0.215508 0.0731309
     398.6  21.9788 -39.5102  81.1386  -0.14057 0.0572306  0.253879  0.204775 -0.224745  0.148055
     398.7  24.5545 -44.8594  84.5278 -0.134099 0.0566925  0.268466  0.164567 -0.172226  0.165112
   398.799  24.8875 -49.7788  88.5716 -0.135235 0.0493729  0.277365 0.0945488  -0.15028   0.13777
   398.899  23.0156 -53.5016 -87.0418 -0.129392 0.0544846  0.290094 0.0630844 -0.088328  0.178108
       399  20.5926 -56.3278  -82.059 -0.144087 0.0372159  0.292805 0.0385901 -0.170475  0.183341
     399.1  17.9295 -59.4941  -75.283 -0.135089 0.0322252  0.302651 0.117389 -0.11037 0.186002
     399.2   12.754 -63.2188  -65.403 -0.123899 0.0437563  0.317651   0.171005 -0.0116614   0.186121
   399.299  9.49702 -68.1731 -56.8998 -0.105735  0.060148  0.326772  0.180951 0.0974506  0.202757
   399.399 -4.00506  73.4094 -40.3164 -0.108871 0.0466811  0.334369  0.096731 0.0494463  0.192098
     399.5 -23.3614  76.5755 -22.7276 -0.116686 0.0463438  0.334939 -0.0188119  0.0515691   0.163277
     399.6 -33.7746   78.829 -16.8024 -0.134664 0.0906596  0.342254 -0.131666  0.215195  0.144645
     399.7 -32.4392  80.5355  -23.962 -0.16639  0.13084 0.346411 -0.226905  0.252335  0.154978
   399.799 -0.40195  79.4982   -63.09 -0.182428  0.150057  0.333425 -0.208568  0.181252  0.104817
   399.899 20.4156 -71.091 87.3399 -0.215772  0.131486  0.331075 -0.228369 -0.031881  0.075004
       400  23.5921 -57.9649   73.938 -0.209587  0.145298  0.311052 -0.0913915 -0.0105353  0.0260091
     400.1  22.1042 -48.3333  67.8412 -0.259673 0.0841066  0.292659   -0.15724  -0.210506 -0.0610257
     400.2   21.265 -40.1978  62.0978 -0.221072 0.0634159  0.285742   0.059229  -0.195652 -0.0556919
     400.3  19.1685 -32.8639  57.9435 -0.172148 0.0344303  0.274675  0.196501 -0.205335 -0.103123
   400.399  14.4713 -25.3525  55.1917 -0.154981 0.0237831  0.264319  0.223434 -0.166219 -0.117726
     400.5  8.70041 -17.6412  51.5788 -0.163189 0.0194645  0.249727  0.176566 -0.112924 -0.138012
   400.599  4.26726 -10.7922  46.4019 -0.159744 0.0238999  0.253535   0.179885 -0.0257212 -0.0703604
     400.7 1.57059  -6.863 40.2385 -0.163186 0.0430662  0.284655  0.165639 0.0561115   0.08798
   400.799 -1.50355  4.47275  33.8921 -0.160844 0.0527248   0.27404  0.131017 0.0684005   0.02777
   400.899 -4.95631  2.02783  30.1058 -0.163019 0.0587072  0.248495  0.0667063  0.0472682 -0.0473294
       401  -4.5473 0.815321  33.8801 -0.167361 0.0597064  0.259809 0.0214254 -0.044658 0.0858029
     401.1 -0.200027  0.433011   39.9733 -0.171808 0.0539644  0.255132  0.0842829 -0.0993744  0.0842222
     401.2   5.37246 -0.255618   47.3968 -0.163845 0.0415702  0.278474  0.140455 -0.160611  0.132583
     401.3  10.9657 -1.94568  57.4708 -0.151919 0.0166501  0.296989  0.214354 -0.213014  0.116202
   401.399  15.4892 -4.74439  69.2273    -0.13737 -0.00201759    0.300362  0.271804 -0.191614 0.0384428
     401.5  19.0124 -7.39401  80.3973  -0.136408 -0.0137794   0.288428  0.240329 -0.152181 -0.063506
   401.599  21.7276 -10.0767 -89.5862  -0.136994 -0.0223393   0.275167  0.208531 -0.107314 -0.122479
     401.7   22.754 -13.4879 -78.7865  -0.237678 0.00825319      0.257  -0.148418 -0.0119101  -0.183936
   401.799  23.6226 -16.6194  -68.878 -0.213766 0.0175422  0.266094 0.0163755  0.103758 -0.107165
   401.899   24.013 -19.8112 -58.0402 -0.139254 0.0294273   0.25994  0.231509  0.226958 -0.106338
       402   24.134 -22.0009 -45.8378 -0.0948088  0.0439321   0.240263  0.266066  0.236774 -0.180525
     402.1 22.4647 -22.359 -33.461 -0.0829764  0.0326722   0.189857  0.222746 0.0679379 -0.382824
     402.2  20.9685 -21.3752 -25.1337 -0.0563528  0.0156653   0.151639   0.203064 -0.0449721  -0.451005
   402.299  19.7656 -19.4553 -20.8778 -0.0258207  0.0339451   0.119226  0.179892 0.0115293 -0.447343
   402.399   17.234 -17.0178 -18.5346 0.00236719  0.0570841  0.0622353  0.098981 0.0654401 -0.444879
     402.5  13.7961 -15.4765 -16.5079 0.00477738  0.0325422  0.0246851  0.0202441 -0.0773362  -0.350597
     402.6  10.9341 -13.2851 -15.3522  0.00176104   0.0288977 -0.00886245   -0.01094 -0.0811172  -0.284864
     402.7  8.96469 -12.4037 -15.3831 0.00964239  0.0368766   -0.03882 -0.143099 -0.078572 -0.108911
   402.799  7.17822 -11.5221 -14.3881 0.00641264  0.0207331 -0.0247653  0.0543991 -0.0512901  0.0348668
   402.899  4.98916 -14.2456 -12.4629 0.0157614 0.0557781  0.001036 -0.00120716   0.0155457   0.0647733
       403  3.90758 -3.65894 -12.6059  0.00552715 -0.00795658  -0.0166262  0.0765312  -0.286722 -0.0341966
     403.1 0.354818 0.687551 -12.8681   0.00980441 -0.000634323   -0.0133628  0.0909299 -0.0737659 -0.0190656
     403.2 -0.682159  -0.19551  -12.7647  0.0223877  0.0294549 -0.0549284    0.108927 -0.00460573   -0.150412
   403.299 0.0993825 -0.398108  -12.5259   0.0232281 -0.00935708  -0.0276326     0.09661   -0.126765 -0.00530858
   403.399  0.108384 -0.458411  -12.6807    0.0244596 -0.000991493   -0.0217803    0.10868 -0.0856505  0.0133389
     403.5    0.1074 -0.452448  -12.6026    0.02398 -0.0105491 -0.0129208  0.111715 -0.103999 0.0298455
     403.6 0.0796679 -0.463818  -12.6198     0.031374 -0.000430951   -0.0264988   0.130022 -0.0649675 -0.0319119
     403.7  0.100706 -0.515097  -12.6525    0.0339653 -0.000163958   -0.0273356   0.134921 -0.0625455 -0.0292428
   403.799  0.136737 -0.490884  -12.6372       0.0266 -0.000667984   -0.0196421    0.126338  -0.0675552 -0.00114932
   403.899 0.0620439 -0.352879  -12.6426   0.033309  0.0109781 -0.0269909   0.139973 -0.0343445 -0.0314174
       404  0.130071 -0.508561  -12.6503  0.0290446  0.0048487 -0.0253986   0.131932 -0.0594621  -0.020242
     404.1 0.0968943 -0.370641  -12.5794  0.0270855 0.00221721 -0.0234902   0.129335 -0.0689383 -0.0105315
     404.2  0.123053 -0.600379  -12.6193   0.0290698 -0.00577935  -0.0206815    0.130308  -0.0868905 -0.00085155
   404.299  0.116908 -0.441445  -12.6389  0.0251582 0.00408934  -0.019941   0.130806 -0.0559068 -0.0046108
   404.399 0.00511056  -0.411155   -12.6302  0.0340951 0.00576347 -0.0357781   0.142954 -0.0509914 -0.0637712
     404.5  0.127722 -0.582462  -12.7031  0.0314951  0.0101094 -0.0254511   0.140623 -0.0419418 -0.0121085
     404.6  0.126492 -0.556629  -12.7007  0.0264015 0.00582341 -0.0178291   0.130166 -0.0579412  0.0124582
     404.7  0.105158 -0.442038  -12.6233  0.0268423 0.00179145 -0.0224994   0.129786  -0.069934 -0.0129839
   404.799  0.110333 -0.509388   -12.641  0.0270422 0.00215066 -0.0245148   0.128979 -0.0660625 -0.0208277
     404.9 0.0724693 -0.462671  -12.6391  0.0336982 0.00269116 -0.0275237   0.137479  -0.062263 -0.0291443
       405  0.137332 -0.497875   -12.553  0.0274937 -0.0102127 -0.0179136   0.124393 -0.0978341 0.00751832
   405.099 0.091622 -0.46427 -12.6455   0.031856 0.00473275 -0.0201397    0.136886  -0.0472202 -0.00929045
     405.2 0.0990804 -0.503343  -12.5656   0.0300331 -0.00544546  -0.0267582   0.128197 -0.0780858 -0.0350444
     405.3 0.0949695 -0.448147  -12.6634  0.0320349  0.0116645 -0.0272478   0.137482  -0.026941 -0.0300036
     405.4 0.0757694 -0.523426  -12.6818  0.0365431  0.0165018 -0.0310308   0.141885 -0.0218358 -0.0352387
     405.5  0.162915 -0.496628  -12.6596   0.022914 0.00838597 -0.0199139   0.116335 -0.0583224  0.0129535
   405.599 0.0483729   -0.4355  -12.6941  0.0277808  0.0154528 -0.0257257    0.12299 -0.0370066 -0.0166136
     405.7 0.0842085  -0.48898  -12.6379   0.028283 0.00464492 -0.0251714   0.118785 -0.0713435  -0.011416
     405.8 0.0888466 -0.473824  -12.6911  0.0249533 0.00970349 -0.0254854    0.11673 -0.0547408 -0.0124921
     405.9  0.110354 -0.534168  -12.7024  0.0246513  0.0087932 -0.0211934   0.116352 -0.0558821 0.00126625
       406 0.0461264 -0.397101  -12.6488  0.0318132 0.00957156 -0.0356438   0.124593 -0.0526984 -0.0514412
   406.099 0.0660762 -0.406065  -12.6118  0.0309137 0.00201161 -0.0290105   0.120189 -0.0751113 -0.0168979
     406.2 0.0540573 -0.366523  -12.5313   0.0321258 -0.00388468  -0.0277108   0.118578 -0.0875346 -0.0101132
     406.3  0.130714 -0.417683  -12.4981  0.0261283  -0.012285 -0.0205361  0.108038 -0.104913 0.0135569
     406.4  0.128608 -0.435717  -12.5312    0.022935 -0.00802203  -0.0222568    0.107164  -0.0816795 -0.00188619
     406.5  0.117624 -0.462942  -12.5738   0.0249335 -0.00070633  -0.0262884   0.113609 -0.0537007 -0.0198171
   406.599  0.101299 -0.519562  -12.6433  0.0287739 0.00996069 -0.0250299   0.120067 -0.0233502 -0.0148082
     406.7 0.0502896  -0.30668  -12.5578  0.0273143 0.00694954  -0.027446   0.114706 -0.0425439 -0.0245002
     406.8 0.0371558 -0.483033  -12.6538  0.0299323  0.0125262 -0.0356373   0.117156 -0.0294877 -0.0485173
     406.9 0.0465011 -0.452895  -12.6577 0.0300564 0.0125936 -0.034404   0.114146 -0.0352374 -0.0359018
       407 0.0267785 -0.410859  -12.7028  0.0293393  0.0235269 -0.0328895    0.112857 -0.00977244  -0.0204801
   407.099 0.0889366 -0.465619  -12.6326  0.0250054 0.00718974 -0.0250819  0.0988363 -0.0658805 0.00787846
     407.2  0.014996 -0.389196    -12.68  0.0322905  0.0189193 -0.0326196   0.111723 -0.0293286 -0.0232374
     407.3 0.0179421 -0.408165  -12.6657  0.0335674  0.0136967 -0.0318289   0.107942 -0.0509585 -0.0167973
     407.4 0.0581743 -0.380841  -12.6601  0.0292831  0.0127375 -0.0294736   0.0999437  -0.0571228 -0.00694848
   407.499  0.058905 -0.414139  -12.6099  0.0297625 0.00437456 -0.0286954   0.0972428  -0.0793558 -0.00573126
   407.599 0.0992233 -0.455405  -12.6204  0.0240555 0.00125482 -0.0249218  0.0889355 -0.0824238 0.00537929
     407.7   0.11237 -0.380432  -12.5441   0.020407 -0.0039223 -0.0208293  0.0844911 -0.0901029  0.0128766
     407.8  0.132199 -0.480163  -12.6572  0.0207007 0.00845711 -0.0182582  0.0922494 -0.0449209  0.0136951
     407.9 0.0766084 -0.398698    -12.54    0.021042 -0.00493738  -0.0258804  0.0886007  -0.082663 -0.0217703
   407.999 -0.00853242    0.460018    -12.6886  0.0316688  0.0172686 -0.0429947    0.10967  -0.011309 -0.0766907
   408.099 0.183016  -0.5946 -12.6489  0.0187654 0.00358888 -0.0215558  0.0859375 -0.0605953  0.0193564
     408.2 0.0580028 -0.440305  -12.7659 0.0265622 0.0271356 -0.027919  0.104322 0.0080909 -0.015705
     408.3 0.0890659 -0.461567  -12.6605  0.0253877  0.0123595 -0.0268091  0.0948163 -0.0470226 -0.0108191
     408.4 0.0649228 -0.431333  -12.6586  0.0252155  0.0112477 -0.0303114  0.0937677 -0.0501872 -0.0236268
   408.499 0.0662194 -0.467743  -12.7103  0.0271599  0.0189972 -0.0333648  0.0981314 -0.0266417  -0.029576
   408.599 0.0838487 -0.434879  -12.6027  0.0262644  0.0015044 -0.0299876  0.0897264 -0.0795519 -0.0131742
     408.7 0.0506629 -0.403704  -12.5923  0.0282193 0.00281548 -0.0287363    0.092189  -0.0668683 -0.00957744
     408.8 0.0804504 -0.467469  -12.6404  0.0268995 0.00489562 -0.0288026   0.090114 -0.0558573 -0.0115645
     408.9  0.124891 -0.511828  -12.6668  0.0219606 0.00686057 -0.0259593   0.0842327  -0.0494365 -0.00238694
   408.999 0.0670274  -0.52622  -12.5791    0.025533 -0.00404908   -0.036565  0.0844359 -0.0757326 -0.0410814
   409.099 0.0492228 -0.408636  -12.6392  0.0258717 0.00954793 -0.0321849 0.0889249  -0.03255 -0.013721
     409.2 0.0821149 -0.528229  -12.7183 0.0246129  0.016515 -0.031167   0.0876871  -0.0157309 -0.00922043
     409.3 0.0873273 -0.484364  -12.7203  0.0259831  0.0205796 -0.0211661  0.0900007 -0.0106255  0.0233614
     409.4 0.0817161 -0.499239  -12.6951  0.0251311  0.0164543 -0.0290289  0.0851561 -0.0296232 -0.0139152
   409.499 0.0764344 -0.509146  -12.7086  0.0249996   0.011061 -0.0327138  0.0826424 -0.0468735 -0.0239286
   409.599 0.0694079  -0.43198  -12.6837  0.0254294  0.0172424 -0.0306488  0.0849308 -0.0292851 -0.0119443
     409.7  0.129457 -0.456004  -12.6368 0.0211316 0.0091032 -0.019004  0.0763087 -0.0561756  0.0285582
     409.8 0.0756241 -0.390271  -12.5489   0.0239339 -0.00383448  -0.0233725   0.0757971  -0.0880878 3.60009e-05
     409.9 0.0882677 -0.455062  -12.6829  0.0240836  0.0115731 -0.0296392  0.0828095 -0.0348229  -0.024027
   409.999 0.0777336 -0.419355  -12.5753    0.0225173 -0.000276594   -0.0295235  0.0756686 -0.0705715 -0.0214641
   410.099 0.0727234 -0.420861  -12.5701    0.0241297 -0.000267208   -0.0290334  0.0784724  -0.063642 -0.0157109
     410.2 0.0259793 -0.450963   -12.581   0.026787 0.00154366 -0.0352521  0.0816587 -0.0530502 -0.0353881
