   361.799 -0.00232408  0.00532721 0.000893391 -2.34328e-05  1.74693e-05 -1.59054e-05 -0.000508628 -0.000122006   0.00045271
     361.9  0 -0  0 0 0 0 0 0 0
       362  0 -0  0 0 0 0 0 0 0
     362.1  0 -0  0 0 0 0 0 0 0
   362.199  0 -0  0 0 0 0 0 0 0
   362.299  0 -0  0 0 0 0 0 0 0
     362.4  0 -0  0 0 0 0 0 0 0
     362.5  0 -0  0 0 0 0 0 0 0
     362.6  0 -0  0 0 0 0 0 0 0
   362.699  0 -0  0 0 0 0 0 0 0
   362.799  0 -0  0 0 0 0 0 0 0
     362.9  0 -0  0 0 0 0 0 0 0
       363  0 -0  0 0 0 0 0 0 0
     363.1  0 -0  0 0 0 0 0 0 0
   363.199  0 -0  0 0 0 0 0 0 0
     363.3  0 -0  0 0 0 0 0 0 0
     363.4  0 -0  0 0 0 0 0 0 0
   363.499  0 -0  0 0 0 0 0 0 0
     363.6  0 -0  0 0 0 0 0 0 0
     363.7  0 -0  0 0 0 0 0 0 0
     363.8 -0.00640701   -0.029503   0.0235057  0.000673105 -0.000875563  0.000369185 0.000747199 -0.00502759  0.00232512
     363.9 -0.0262497  0.0174597 -0.0619946 -8.79781e-05   0.00431155  -0.00371251 -0.00013799   0.0144594  -0.0198984
   363.999 -0.00996366     0.06907  -0.0249211 -0.00019075 -0.00140577 -0.00354829 -0.00024873  -0.0142372 -0.00684669
     364.1 -0.00134145   0.0536952    -0.11747 0.000293145  0.00636843 -0.00209025 0.000636339   0.0217169   0.0051668
     364.2 -0.0120092  0.0510689  -0.107052 -0.00103712  0.00840728 -0.00327372 -0.00264635   0.0225906 -0.00430365
     364.3   0.0130751 -0.00439696  -0.0427078   -0.0031866   0.00168441 -0.000381874 -0.00453856  -0.0114568   0.0151276
     364.4 -0.0211543  0.0146745 -0.0209907 -0.00172917 -0.00203002 -0.00118119 -0.0021516 -0.0211403 0.00332593
   364.499 -0.00185071   0.0144371  -0.0226535 -0.00139512 -0.00106881 0.000458176 -0.00103479 -0.00842099   0.0099569
     364.6 -0.0243925  0.0261751 -0.0648815 -0.00196751  0.00112196  -0.0021995 -0.00256331  0.00476203  -0.0111309
     364.7 -0.0144072  0.0396348 -0.0508338 -6.21669e-05   0.00187618  0.000505164 6.3965e-05   0.007852  0.0103812
     364.8  -0.044367  0.0203575 -0.0521468  0.00126729  0.00268159 -0.00315342 0.00142992 0.00963006 -0.0152988
   364.899 -0.00689954   0.0866423   -0.113019  0.000495482   0.00600843 -0.000918102 -0.00143687   0.0187577  0.00423951
   364.999 -0.0689236  0.0284839 0.00520843  0.00465403 -0.00532499 -0.00538432 0.00580016 -0.0322691 -0.0218936
     365.1 -0.0572469   0.106154   -0.16833  0.00324399  0.00704476 -0.00639389 0.00152027  0.0292062 -0.0164976
     365.2 -0.0325358   0.042383 -0.0838223 -0.000250778   0.00548293  -0.00164865 -0.00493085   0.0133202   0.0184695
     365.3 -0.014505 0.0568531 -0.112704 -0.00154463  0.00574948 0.000940065 -0.00742476   0.0101502   0.0221349
     365.4 -0.0589973 -0.0387998  -0.100616   0.0013369   0.0124561 -0.00252919 -0.00229358   0.0322269 -0.00829993
   365.499 -0.0482782  0.0722052  -0.148041 0.000865682  0.00897571 -0.00490483 -0.00361353  0.00391357  -0.0158797
     365.6 -0.0665988  0.0209828  -0.131486  0.00192191  0.00918804 -0.00741141 -0.0022797 0.00418171 -0.0198719
   365.699 -0.0724619  0.0274544 -0.0561998  0.00335679  0.00141881 -0.00729974 -0.00193965  -0.0272196 -0.00822179
   365.799 -0.0695744 -0.0153992 -0.0911427  0.00249572  0.00479771 -0.00504914 -0.00388724 -0.00355133  0.00974009
     365.9 -0.0215302  0.0483142  -0.111657 -0.000343454   0.00691666  -0.00258878 -0.00730631  0.00685461   0.0183281
       366 -0.0837513  0.0583515 -0.0866087  0.00366393   0.0029284 -0.00774536 -0.00169319  -0.0104108  -0.0180496
     366.1 -0.0880564  0.0649325 -0.0943945  0.00298913  0.00163317 -0.00964528 -0.00319323  -0.0114806  -0.0173966
   366.199  -0.117583  0.0630842 -0.0930547 0.00712063 0.00111823 -0.0125139  0.00189006 -0.00871321   -0.023118
   366.299 -0.0936473   0.121258  -0.204139 0.00334895 0.00908371 -0.0115096 -0.00560232   0.0249467 -0.00548529
     366.4  -0.121994  0.0341403 -0.0947293 0.00499538  0.0051883  -0.011467 -0.00376461  0.00123297  -0.0011871
     366.5 -0.103428 0.0918832 -0.104829  0.00367898 0.000179178 -0.00894986 -0.0082721 -0.0192634  0.0132858
     366.6 -0.0903665  0.0744832 -0.0891722  0.00131253 0.000788884 -0.00964441   -0.011731 -0.00810911  0.00258347
   366.699 -0.0649452   0.127065  -0.151085 0.000271153  0.00293817 -0.00379893 -0.0125683 0.00525536  0.0323757
   366.799 -0.0728916  0.0509222  -0.103053 0.000775848  0.00189274 -0.00295582 -0.0114847 0.00127648  0.0180876
     366.9 -0.0838272  0.0365804 -0.0689432  0.000775123 -0.000357241  -0.00615877  -0.0108188 -0.00570949 -0.00979878
       367 -0.104425 0.0998227  -0.13182 0.00380086 0.00284193 -0.0114031 -0.00665535   0.0100866  -0.0322071
     367.1   -0.1221  0.113883 -0.120499 0.00777937 0.00109855  -0.010417 -0.00165459  0.00153233 -0.00895366
   367.199  -0.130269  0.0139182 -0.0767302 0.00493516 0.00385809 -0.0131294 -0.00936919    0.014065  -0.0198126
   367.299  -0.137851    0.10069 -0.0993537  0.00457668 0.000331005  -0.0149575  -0.0120565 -0.00502775  -0.0194929
     367.4  -0.147213  0.0544382 -0.0808873   0.00413068 -0.000363023   -0.0138235  -0.0130573 -0.00391672 -0.00240677
     367.5 -0.109562  0.134792 -0.144031  0.00312065 0.000504592 -0.00992711  -0.0158094 0.000121683   0.0199505
     367.6  -0.147082  0.0408328 -0.0290211  0.00484488 -0.00491808  -0.0120224   -0.013156  -0.0205893 -0.00190197
   367.699  -0.118875   0.102181 -0.0601245  0.00202046 -0.00777829  -0.0135238  -0.0174098  -0.0245451 -0.00828838
   367.799  -0.125243  0.0724868 -0.0735794  0.00230565 -0.00171055  -0.0141738   -0.016065   0.0093058 -0.00592416
     367.9 -0.100791 0.0889725 -0.127787  0.00137483  0.00177272 -0.00882259 -0.0175657  0.0202485  0.0260886
       368 -0.112142 0.0895391  -0.13147 0.00172958 0.00453344 -0.0113112   -0.0154736    0.0242407 -0.000101411
     368.1  -0.138322  0.0892375 -0.0710712  0.00383267 -0.00406004  -0.0127055   -0.012127  -0.0150126 -0.00674579
   368.199 -0.100132 0.0885219 -0.125244  0.00256535 0.000441547 -0.00920879 -0.0134193 0.00845014  0.0169192
   368.299  -0.118598  0.0950453 -0.0632104  0.00392843 -0.00440984  -0.0105703 -0.0109314  -0.011609 0.00134219
     368.4    -0.15115 -0.00514726  -0.0457328  0.00556053 -0.00159425  -0.0167577 -0.00963706  0.00495088  -0.0325287
     368.5  -0.174226  0.0963376 -0.0879483  0.00755929 -0.00223802  -0.0193094 -0.00725109 0.000519548  -0.0275404
     368.6  -0.191234  0.0565541 -0.0379736  0.00805853 -0.00557549  -0.0201731 -0.00812854  -0.0111171   -0.016366
   368.699 -0.219717 0.0994061 -0.148229  0.00572002 -0.00157034  -0.0178512 -0.0131468 0.00758887 0.00392755
   368.799  -0.225539 -0.0340086 -0.0280111  0.00754689 -0.00722441  -0.0161368 -0.0101441 -0.0117741  0.0123528
     368.9 -0.219567 0.0563606 -0.144461  0.00560145 -0.00156044  -0.0146859 -0.0139396  0.0135656  0.0128721
       369  -0.215976 -0.0423068  -0.118568  0.0056861 0.00384554 -0.0143429 -0.0143948  0.0316366 0.00805646
     369.1  -0.238959 -0.0386654  -0.102622 0.00575032 0.00018993 -0.0149876  -0.0163147  0.00697253 0.000818923
   369.199  -0.292649  -0.107762 -0.0818294 0.00748277 0.00163706 -0.0179658 -0.0134493  0.0104406 -0.0162527
   369.299  -0.277306 -0.0472234  -0.125778 0.00473552 0.00308613 -0.0137954 -0.0187245  0.0114156  0.0154662
     369.4  -0.315605 -0.0612119 -0.0963264  0.00429035 0.000334884  -0.0153351  -0.0182265 -0.00191418 -0.00109015
     369.5  -0.314328 -0.0467022 -0.0902219  0.00759141 5.17937e-05  -0.0144452  -0.0124332 -0.00249833  0.00441783
     369.6  -0.322937 -0.0720298 -0.0622803 0.00554535 0.00190035 -0.0121939 -0.0160222 0.00500033   0.014504
   369.699  -0.316921 -0.0499679 -0.0958996  0.00398661 0.000238666   -0.011126  -0.0179485 -0.00278894   0.0129738
   369.799  -0.333407 -0.0724962  -0.090741 0.00431504 0.00379658 -0.0147287 -0.0171063  0.0130199 -0.0134702
     369.9  -0.380219 -0.0181497 -0.0811559  0.00882862 -0.00294166  -0.0218546 -0.0102533 -0.0169924 -0.0444143
       370  -0.334589 -0.0399218 -0.0810166  0.00746517 -0.00139406   -0.019886  -0.0145638 -0.00367686 -0.00883023
     370.1  -0.312039 -0.0169424 -0.0787797  0.00453745 -0.00591277  -0.0184575 -0.0204449 -0.0202783 0.00434959
   370.199  -0.367912 -0.0799009 -0.0805445  0.00751713 2.32473e-06   -0.018962   -0.0153345    0.0105088 -0.000276067
   370.299  -0.286372 -0.0411254 -0.0876115 0.000538183 -0.00621359  -0.0130578 -0.0257175 -0.0194375   0.031009
     370.4 -0.330706 -0.126051 -0.107637 0.00237415  0.0030152 -0.0144406 -0.0189261  0.0245593  0.0059104
     370.5   -0.34886 -0.0385077  -0.185713  0.0079876 0.00841472 -0.0177505 -0.0114194  0.0344991 -0.0145967
     370.6  -0.366017 -0.0878961 -0.0926928  0.0100222 0.00343102 -0.0215906 -0.00960979  0.00300929  -0.0257404
   370.699 -0.304299  -0.03222 -0.086697  0.00458222 -0.00322999   -0.017913 -0.0190514 -0.0255178 0.00805008
   370.799 -0.406863 -0.056647 -0.115112  0.00790082 -0.00365079  -0.0198716   -0.014684  -0.0166369 -0.00567173
     370.9   -1.14149  -0.273948 -0.0800677  0.00812368 -0.00365693  -0.0209522 -0.0342991 -0.0141318 0.00762485
       371 -4.33906 -1.29882  -1.1883   0.0081665 2.96491e-05  -0.0109388 -0.0222512   0.015457  0.0852919
     371.1   -5.3693  -1.26647 -0.414687  0.0119107 0.00179551 0.00394174 -0.00835808   0.0256685    0.168453
   371.199  -8.72255   -2.1803 -0.334265   0.0140414 -0.00435532   0.0294761 -0.0030868 -0.0125422   0.266829
   371.299  -12.6487  -1.96876 -0.164264   0.0113997 -0.00660878   0.0627018 -0.0304069 -0.0284633   0.324856
     371.4 -16.2774 -2.81855 -1.65186 0.00633417 0.00150108   0.105191 -0.0751089 -0.0050392   0.371895
     371.5 -19.0396 -3.74741 -4.10842 -0.00415828 -0.00842896    0.145259  -0.103861 -0.0603653   0.367766
     371.6 -19.6687 -4.06922 -7.47168 -0.00694084   -0.016255    0.150591 -0.072406 -0.086642  0.127438
   371.699 -17.3352 -4.16797 -11.4584 -0.00440653  -0.0303145    0.146833 -0.0507571 -0.0981304 -0.0349298
   371.799 -14.1157  -4.2903 -14.1178 -0.00788982   -0.035044    0.138517 -0.0267833 -0.0398571  -0.086663
     371.9  -11.412 -5.05579 -15.1076 -0.0114182 -0.0204947   0.136726  0.0439735  0.0782589 -0.0273754
       372   -9.993 -5.50047 -12.4848 -0.0116581 -0.0176915   0.148477 0.0888852 0.0960339 0.0910739
     372.1 -9.13695 -5.67311 -7.33961 -0.00378819 -0.00530077    0.152598  0.126738  0.140495 0.0837937
   372.199 -8.85901 -4.97373 -1.76399 0.00193433 0.00629922   0.162444 0.135746 0.149377 0.112962
   372.299  -9.1513 -4.60777  4.86757 0.0104957 0.0280074  0.170648  0.124628  0.193775 0.0896563
     372.4 -8.04817 -3.93127  13.5389 0.0251179  0.016742  0.178971  0.116684 0.0740557 0.0819629
     372.5 -7.85024 -5.00329    21.09 0.0350594 0.0568231  0.176735 0.0623681  0.148856 0.0271358
     372.6 -12.0993 -6.10636  26.9268 0.0370467 0.0742505  0.178371  0.017802 0.0747916  0.067203
   372.699 -18.2901 -4.67523  29.5052 0.0373737 0.0532622  0.198757 -0.0277616  -0.121551    0.16098
   372.799 -24.4398 -3.01444   28.214 0.0238833 0.0401322  0.237912 -0.178344 -0.214337  0.258033
     372.9 -28.4417 -1.44212  20.9764 0.0176623 0.0170972  0.247295  -0.21494  -0.31143 0.0498266
       373 -27.1167 0.874685  11.5529 -0.00206312  -0.0130487     0.25595  -0.294197  -0.318888 -0.0453237
     373.1 -24.6252  1.34817 0.758143 -0.0284397 -0.0347781   0.251381 -0.285067 -0.216301 -0.111347
   373.199  -19.4978 -0.754112  -5.81319 -0.0430406  -0.031478   0.243061 -0.138439 0.0174203 -0.132641
   373.299 -14.9309 -3.44243  -5.9625 -0.0394258 -0.0261637   0.219907 0.0302651  0.130171 -0.194139
     373.4 -10.2346 -5.85865 -2.80377   -0.0238339 -0.000200257     0.195955 0.148718 0.238943 -0.20914
     373.5 -6.53635 -7.17865  2.32654 -0.00779191   0.0269201    0.178609  0.179447  0.269187 -0.134027
     373.6 -4.33117 -7.42151  8.87279 0.00994008  0.0419343   0.165051   0.182216    0.24164 -0.0930887
   373.699 -1.86697 -6.77841  17.3519 0.0228552 0.0631523  0.167678  0.153978  0.214729 0.0136475
   373.799 -0.681188  -6.20282   26.7848 0.0379443 0.0791083  0.160813    0.127441    0.159377 -0.00904861
     373.9 -0.732452  -6.26894   37.4736  0.049029 0.0900893  0.170672 0.0895632  0.126064 0.0682414
       374 -3.15513 -11.5933  47.8989 0.0706303  0.104496  0.246658 0.0289589 0.0313053  0.525705
     374.1 -11.4505 -16.1823  54.5451 0.0684459  0.135278  0.275625 -0.0824262  0.0275424   0.436111
   374.199 -17.2955  -18.183  54.7968 0.0476617  0.126273  0.329611 -0.188489 -0.203421  0.450147
   374.299 -26.3544 -16.8526  47.2767 0.0663109 0.0960088  0.331425 -0.0351055  -0.420935  0.0673771
     374.4  -30.248 -15.9909  34.6432 0.0318786 0.0797286   0.30725 -0.171827 -0.379142 -0.213257
     374.5 -31.0421 -14.2909  21.9005 -0.00495251   0.0499903    0.276293 -0.227474 -0.324576 -0.280326
     374.6 -29.3512 -11.8805  12.3808 -0.0276209  0.0209416   0.248385 -0.178488 -0.224336 -0.283994
     374.7 -24.7941 -9.75406  6.97316 -0.0426773 0.00820496   0.227042  -0.111781 -0.0885719  -0.261999
   374.799 -19.5733 -9.05612  6.01742 -0.0360214  0.0235931   0.194127 -0.00300484    0.128203   -0.319282
     374.9 -13.3845 -8.38208  9.45017 -0.0381699  0.0409396   0.175325 0.0313076  0.239062  -0.20724
       375 -8.18104 -7.41672  15.5586 -0.0309033  0.0586283   0.162474 0.0807218   0.29477 -0.100029
     375.1  -4.1717 -6.43903   23.868 -0.0229261  0.0992562   0.148921   0.100334    0.37784 -0.0639482
   375.199 -2.44275 -5.60113  32.4009 -0.0125422   0.132821   0.130412  0.0963045   0.328017 -0.0986161
   375.299 -1.43614 -4.03595  40.9776 -0.0049441   0.165021   0.152257 0.0568749  0.262547   0.11093
     375.4 -2.14991 -5.24977  48.5103 0.00725599   0.185691   0.180338 0.0404069  0.123955  0.243334
     375.5 -5.88739 -8.45667  55.5484 0.00271246   0.201637   0.210544 -0.052074 0.0170363   0.30366
     375.6 -10.2294  -13.599  56.6873 -0.00596047    0.216256    0.265151 -0.133881 -0.154845   0.42411
   375.699 -16.7129 -14.4017  50.8941 -0.0023601   0.184263   0.279867 -0.0583744  -0.363018   0.264198
   375.799 -22.3372 -12.6653  42.8779 -0.0012148   0.156571   0.281551 -0.0674459  -0.413307  0.0720972
     375.9 -26.1745 -8.96847  34.5638 -0.017351  0.128046  0.264921  -0.120095  -0.376903 -0.0801262
       376 -28.6795 -5.28867  25.7204 -0.042623 0.0999432  0.258789  -0.206936  -0.328829 -0.0645094
     376.1 -29.7365 -1.24167   16.785 -0.0640685  0.0631567   0.280298 -0.306248 -0.350959 0.0347416
   376.199 -28.4009  2.92159  7.69231 -0.0968717  0.0422485    0.28299   -0.360886   -0.288357 9.90787e-05
   376.299 -27.6035  6.55991 -2.00683  -0.12576 0.0214685  0.286628  -0.367238  -0.220589 -0.0216277
     376.4 -26.1611  8.24085 -10.7429  -0.151153 0.00996899   0.290903  -0.347778  -0.129946 -0.0513082
   376.499 -24.4539  9.04556 -19.5026  -0.188429 -0.0664173   0.299914  -0.434004  -0.333257 -0.0474164
   376.599 -22.5696  10.4766 -27.2349 -0.219561 -0.113226  0.309415 -0.421977 -0.329527 0.0221441
     376.7  -20.349  11.5322 -34.6506 -0.248496 -0.125157   0.30956 -0.309781 -0.197473 0.0242099
     376.8 -17.9465  12.5735 -40.6589 -0.258916 -0.128033  0.304891   -0.156921  -0.0907623 -0.00779664
     376.9 -16.0989  13.5398 -45.9193 -0.241023 -0.123536  0.289906 0.0512235 0.0212677 -0.116333
   376.999 -14.2837  13.8259 -50.9948  -0.207157 -0.0853522   0.269934  0.252886   0.16547 -0.166821
   377.099 -12.3407  13.3148 -56.2115 -0.222023 -0.074929  0.293674  0.102456  0.181623 0.0667823
     377.2 -10.6054  13.7117 -61.7003  -0.229331 -0.0840163    0.27317  0.0580881   0.112719 -0.0925852
     377.3 -8.82034  13.4898  -67.404  -0.230331 -0.0724649   0.277015  0.0531907   0.131499 -0.0119578
     377.4 -5.68995   13.252  -73.967  -0.230346 -0.0527572    0.28389 0.0379884  0.173623 0.0714096
   377.499 -2.27129  11.8984 -80.4483  -0.240616 -0.0511318   0.287237 -0.0272494   0.174728 0.00626495
   377.599 -0.478337   10.3698  -86.7246  -0.256349 -0.0393613   0.278385 -0.0740606   0.178135 -0.0768915
     377.7 0.149658 -9.12302  87.7932   -0.28523 -0.0324462   0.280304  -0.149359   0.198912 -0.0429277
     377.8 -0.170754   8.38636   82.2752  -0.286142 -0.0277302   0.279474 -0.0731544   0.226129 -0.0374318
     377.9 -0.313237   8.28681   77.2431  -0.285279 -0.0325626   0.266393 0.0236413  0.202359 -0.101387
   377.999 -0.765031   8.58475   72.9481  -0.287472 -0.0341528    0.25724  0.0559636   0.170226 -0.0777058
   378.099 0.050766 -9.51969  68.7025  -0.293631 -0.0164515   0.259759   0.0728666    0.208425 -0.00765646
     378.2 0.912706 -10.0544  64.5493   -0.292798 -0.00164409    0.273759  0.115941  0.224719 0.0844306
     378.3  2.08222 -10.1379  60.8033 -0.297475 0.0172206  0.282074 0.129414 0.265249 0.067069
     378.4  2.94322 -9.78038  56.0469  -0.29251 0.0338425  0.285193  0.176149  0.237333 0.0260893
   378.499  3.61926 -9.49933  51.9999 -0.291661 0.0476546  0.279025   0.211759   0.204872 -0.0382823
   378.599 4.54803 -8.7277 47.8934 -0.275575 0.0622663  0.281456   0.271916   0.178303 0.00140458
     378.7  5.33412 -7.71782  44.4388 -0.245381 0.0600506  0.293772  0.360486 0.0805557 0.0824932
     378.8  6.75829 -7.23255  41.6581 -0.232323 0.0670545  0.300443   0.35945  0.110029 0.0389974
     378.9  7.12806 -6.54793  40.0202 -0.212149 0.0725504  0.307942   0.33991  0.125353 0.0567164
   378.999  9.33065 -7.48828  37.5504 -0.206165 0.0855814  0.315716  0.251849  0.198045 0.0357433
   379.099  11.3596 -8.98323  35.0223 -0.195164  0.105012  0.336807 0.248452 0.237515 0.113799
     379.2 15.5054 -11.262 32.8286 -0.18073 0.118052  0.35403  0.29359  0.21624 0.129228
     379.3  18.7036 -12.9929  30.9042 -0.160832  0.119065  0.355046  0.260118  0.101913 0.0341308
     379.4  20.9837 -14.4895  30.3856 -0.151208  0.129732  0.327405  0.185079 0.0427647 -0.140064
   379.499  23.0303 -15.3932  31.4822 -0.142917  0.121586  0.316706   0.180723 -0.0697366  -0.117637
   379.599  27.3973 -18.5144  32.7097 -0.140979  0.121883  0.323098   0.171725 -0.0484163 -0.0430062
     379.7  29.9769 -19.9516  33.7805 -0.128994  0.110008  0.337246  0.163637 -0.101732 0.0314458
     379.8  33.3996 -21.3012  35.9466 -0.121179 0.0953125  0.350932   0.184306 -0.0790044  0.0781138
     379.9  38.0223 -23.7241  37.8668 -0.124204 0.0994937  0.346896    0.102531   -0.020151 -0.00709564
       380  41.9433 -31.3713  40.0889 -0.147655 0.0931737  0.344809 -0.0197464 -0.0837027 -0.0986544
   380.099 43.5047  -35.81 41.7359 -0.143906 0.0871449  0.350607  0.0575574 -0.0422172 -0.0465736
     380.2 44.5979 -39.291 43.8735 -0.145329 0.0836543  0.354487  0.0732138 -0.0277494 -0.0125902
     380.3  46.2895 -44.4389  47.0342 -0.139126 0.0676977  0.356904    0.108842  -0.0967088 -0.00989856
     380.4  48.3202 -48.7337  51.3179 -0.155803 0.0439533  0.349948   0.013701  -0.180982 -0.0427222
     380.5  50.4893 -52.3313  56.4502 -0.169685 0.0244959  0.346819 -0.0352595  -0.196673 -0.0272022
   380.599  50.4146 -57.7449  63.7769 -0.189851  0.022802  0.350502  -0.0967157   -0.098578 -0.00418449
     380.7  44.0284 -63.3752  75.7505 -0.174926 0.0260599  0.361079  0.021985 0.0264292 0.0337634
   380.799  31.9462 -69.3695 -85.3814 -0.169387 0.0142542  0.375434 0.0951983 0.0088373 0.0421198
   380.899  7.10582 -72.8355  -53.274  -0.161896 -0.0170872   0.380014   0.160158 -0.0840072 0.00695133
       381 -17.4606  71.4996 -21.0591    -0.139165 -0.000162195     0.382821   0.212753   0.103289 -0.0182607
     381.1 -32.1023  67.2855  1.23433 -0.100312 0.0300195    0.3718   0.264552   0.237065 -0.0854264
     381.2 -41.191 62.7639 18.2244 -0.0676666  0.0555502   0.355308  0.259587  0.254563 -0.127945
   381.299 -43.0672  56.5033  28.2386 -0.0408285  0.0661207   0.338315   0.25365  0.156665 -0.154672
   381.399  -41.09 48.6411 34.5472 -0.0172583  0.0701253   0.328238  0.223661 0.0952698 -0.123769
     381.5 -38.002 41.0895 37.7917 -0.00344132    0.078443    0.315405  0.149318 0.0910635 -0.132749
     381.6 -33.6636  35.1054  39.0688 0.00766461  0.0911323   0.300271 0.109603  0.13558 -0.14586
     381.7 -29.4598  32.1687  41.8466 0.0180013 0.0973476  0.294395  0.0735829   0.125985 -0.0770067
   381.799 -24.8876  27.4684  44.2762 0.0186589  0.111118  0.299884  0.020885  0.152527 0.0161839
   381.899 -20.1536  22.7765  48.1897 0.0146198  0.128144  0.306229 0.0167546  0.183042  0.038949
       382 -17.3473  19.2583  54.3017 0.0126588  0.153584  0.302048 -0.00261948    0.221696   0.0167609
     382.1 -17.0396  14.1057  60.4819 0.0112104  0.190145  0.278267 -0.0115478   0.205484  -0.110161
     382.2 -15.254 10.4085 66.2422 0.00888799   0.199414   0.274328 -0.0105286   0.122552 -0.0532162
   382.299 -19.8392  1.02114  68.0065 0.0203791  0.207816  0.287563   0.0155239 -0.00738379    0.130751
   382.399  -27.298 -9.61872  65.4506 -0.0285171   0.241609    0.31505  -0.23943 -0.123593  0.228711
     382.5 -34.3473 -14.9955   58.421 -0.0493417   0.224545   0.338119 -0.272258 -0.313337  0.165153
     382.6 -41.0861 -16.9571  47.6918 -0.0247964   0.182158    0.33031  -0.0201529   -0.462552 -0.00247156
     382.7 -44.4832 -13.5388  36.1192 -0.0114806   0.128202   0.359528 -0.0250106  -0.616417  0.0421391
   382.799 -47.0567 -6.08985  25.4061 -0.0140467  0.0793237   0.351757  -0.0355464   -0.558378 -0.00562439
   382.899 -48.4997  3.03312  16.2677 -0.0625384  0.0616238   0.327528  -0.192936  -0.325801 -0.0249725
       383 -47.7453  11.0431  8.68968 -0.0730714  0.0367876   0.317246  -0.167583   -0.23108 -0.0479933
     383.1 -43.9838  17.0586  1.80561 -0.0876361 0.00197423   0.319117  -0.181744  -0.228143 -0.0459397
     383.2 -39.7013  21.7461 -5.06422   -0.11346 -0.0213285   0.324208 -0.218572 -0.160138  0.016992
   383.299 -37.4279  25.3968 -10.0155  -0.135874 -0.0306576   0.331725  -0.204754 -0.0514345  0.0667367
   383.399   -38.01  28.0055 -13.0695  -0.149648 -0.0341105   0.332355  -0.141581 -0.0392569  0.0278796
     383.5   -36.05  29.8332 -17.5506   -0.17348 -0.0503526   0.339377 -0.154355  -0.10156 0.0377699
     383.6 -31.3477  31.1527 -24.4629   -0.18459 -0.0414277   0.341976 -0.0911612  -0.026102  0.0485908
     383.7 -24.8815  31.1788 -31.1537  -0.173251 -0.0163325   0.341287 0.0687047 0.0873588 0.0336397
   383.799 -19.2335  29.3305 -33.7699  -0.169326 -0.0182261    0.32614   0.139652   0.047618 -0.0511517
   383.899 -13.9475  26.3521 -34.6395  -0.160218 -0.0133774   0.316565   0.184429  0.0218356 -0.0716837
       384 -6.74983  23.1138 -37.6808  -0.159881 -0.0271776   0.298849   0.142476 -0.0574092  -0.135683
     384.1 -2.64081  20.6278 -39.4312 -0.156718 -0.029265  0.288313   0.132543 -0.0395123  -0.087187
     384.2  1.35956 -19.5809 -41.1488  -0.155518 -0.0283937   0.285597   0.135826 -0.0202071 -0.0265698
   384.299  5.40979 -20.3987 -41.4043  -0.153174 -0.0232481   0.281398   0.188037  0.0464158 -0.0284621
   384.399  7.62319 -21.6225 -36.9827   -0.140955 -0.00822007    0.275577   0.274043   0.126805 -0.0529005
     384.5  7.84751 -23.7928 -30.8343 -0.115511 0.0144114   0.26439   0.305646   0.171123 -0.0749785
     384.6   6.6691 -25.8563 -26.3029 -0.105197 0.0330547  0.264207   0.189269   0.124895 -0.0104975
     384.7  7.18543  -26.367 -31.2948 -0.111087 0.0351538  0.274269 0.00482782 -0.0691454  0.0500049
   384.799  8.94044 -25.9196   -40.74 -0.117205 0.0154245  0.274294 -0.123938 -0.156951 0.0363859
     384.9   9.0305  -24.128 -49.0302    -0.14117 -0.00610893    0.277747 -0.210841 -0.176352 0.0404184
   384.999  9.11892 -22.3403 -57.9209  -0.157365 -0.0137605   0.292228 -0.193164 -0.087927 0.0926892
   385.099  9.36871 -20.6033 -65.6823  -0.167819 -0.0130915   0.310265 -0.122466  0.038713  0.111487
     385.2  9.47474 -18.7675 -72.7471   -0.191599 -0.00852878    0.306297   -0.135917   0.0956985 -0.00467278
     385.3  9.41301 -16.6933 -79.3513   -0.200608 -0.00229425    0.306624  -0.060513   0.150482 -0.0140175
     385.4  9.28922 -15.6908   -85.72    -0.2232 0.00760518   0.310653 -0.0691353   0.203965 0.00751394
   385.499  9.31306 -14.9936  87.4876 -0.230948 0.0162858  0.306077 -0.0456292   0.243855 -0.0455701
   385.599  9.47899 -14.4164   80.489 -0.246129  0.032257  0.299889 -0.0482551   0.242051  -0.068082
     385.7 9.54292 -13.841 72.3482 -0.201113 0.0247601   0.30215    0.20331    0.16562 -0.0422034
     385.8  9.17207 -12.6741  64.4117 -0.163738 0.0227236  0.295528   0.338171   0.101122 -0.0713261
     385.9  9.09398 -11.3156  56.6339 -0.153017 0.0320749  0.296294   0.359608   0.129532 -0.0336716
       386  10.2109 -10.4693  49.8688 -0.133443 0.0396947  0.301618  0.405421  0.121811 0.0212462
   386.099   12.565 -9.05598  43.3803 -0.118927 0.0498637  0.306046  0.378325  0.151239 0.0242258
     386.2  15.7284 -7.08636  35.8939 -0.112402 0.0636423  0.310354    0.321513    0.204147 -0.00833998
     386.3  18.0823 -5.21642  29.2196 -0.102347 0.0822087  0.313273    0.313333    0.247214 -0.00477008
     386.4  20.6936 -3.06876   21.747 -0.0853778  0.0925799   0.318184   0.346703   0.209571 -0.0127813
     386.5  22.3349 -1.21029  14.8236 -0.0782587  0.0945675   0.354274   0.37984  0.140052 0.0902704
   386.599  22.9023 0.405375  8.65538 -0.046163 0.0985964  0.313621 0.293374 0.067982 -0.14919
     386.7 23.1318 1.84087  3.1333 -0.0425849  0.0949264   0.309196   0.235425 0.00612205  -0.122616
     386.8  22.7241  4.17138 -1.57879 -0.0337659   0.141748   0.325367   0.222329   0.172233 -0.0256071
     386.9  22.0772  5.31404 -6.32478 -0.0304618   0.135159   0.342082  0.188495 0.0458862 0.0401124
   386.999  19.7959  8.00821 -11.0338 -0.00121671     0.18871    0.394196 0.279719 0.178749  0.22127
   387.099  18.7535  8.80494 -15.0774 0.0126654  0.194653  0.423338  0.228046 0.0513883  0.225857
     387.2  18.6285   8.8948 -18.5398 0.00484076   0.190271   0.393059  0.0627784 -0.0525233 -0.0595753
     387.3  16.9925  10.7605 -21.5783 0.00415641    0.19771   0.399047  0.0642576  -0.108568 -0.0133649
     387.4  19.2275  13.4387 -25.5091 -0.000286943      0.19829      0.40273   0.0161428   -0.176031 0.000303489
   387.499  17.7162  16.4814 -29.3461 0.00147968   0.197084   0.412621  0.0724578  -0.270222 0.00968077
   387.599  16.6114  19.4107 -34.3258 0.0182084  0.191561  0.424249    0.115274   -0.371306 -0.00836736
     387.7  17.8563  17.2155 -40.1967 0.0724157  0.288045  0.429882   0.334942  -0.105792 -0.0844593
     387.8  18.7215  15.2095 -45.5709 0.0984753  0.308772  0.456161     0.364084    -0.144768 -0.000782183
     387.9 17.9994 14.0294 -51.835 0.0860616  0.273424  0.470758   0.123961  -0.264393 0.00482572
       388  15.0876  11.4713 -57.0198 0.0648599  0.261081  0.474529 -0.000313584     -0.27439   -0.0138174
   388.099 11.5885  7.7677 -60.778 0.0665261  0.250054  0.463874 -0.0118945  -0.233082 -0.0842567
     388.2  9.63488  3.53299 -63.3816 0.0521678  0.248285  0.493532 -0.0241561  -0.243636  0.0883549
     388.3   7.91381 -0.626683  -66.8192 0.040164 0.263749  0.43204 -0.007522 -0.193604 -0.292585
     388.4  6.12171 -4.18031 -70.3508 0.0559754  0.260497  0.400352  0.112242 -0.191128 -0.289654
     388.5  5.34856  -6.6416 -76.0134 0.0547882  0.255188  0.393322  0.104744 -0.220077 -0.161749
   388.599  5.79073 -6.40665 -78.7165 0.052095 0.251887 0.399822    0.053015   -0.220394 0.000914088
     388.7  6.98358 -2.58703 -78.1731 0.0414617  0.247976  0.402654 0.00706959  -0.231004  0.0397478
     388.8  9.27591  2.84813 -75.0127 0.0487536  0.251747  0.413872 0.0720955 -0.206863  0.078037
     388.9  11.8427  8.48274 -70.9416 0.0594809  0.252187  0.438082  0.124359 -0.234085  0.170429
       389  15.4978  14.7596 -65.7465 0.0621154  0.241522  0.443347   0.08904  -0.24027 0.0989607
   389.099  19.9579  18.1159 -57.3822 0.0585357  0.230281  0.458634 0.0325482 -0.228702  0.118052
     389.2  23.1647  17.9529 -47.3761 0.0698334  0.231894  0.398088 -0.00321609  -0.0329865   -0.252234
     389.3  16.0345  11.0266 -49.0509 0.0814616  0.261744  0.392572   0.14727 0.0384342 -0.305818
     389.4   11.662  4.74389 -54.0261 0.0741074  0.272105  0.392328    0.11965 0.00787893  -0.151348
     389.5 10.1315 2.45547 -54.536 0.0724683   0.27716  0.427295  0.121242 -0.055208  0.129307
   389.599  6.23567 -1.41863 -57.4454 0.065285 0.281383 0.446117  0.0862045 -0.0907357   0.117676
     389.7  4.72367 -4.74185 -57.6566 0.0509179  0.274551  0.432397 0.0221262 -0.159037 0.0209269
   389.799  7.06563 -2.58302 -53.9784 0.0387877  0.273685  0.427259 -0.0178799  -0.183724  0.0169467
   389.899 10.3903 1.02607 -47.027 0.0411894  0.280008  0.427676 0.0281865 -0.192394 0.0353847
       390  13.1828  3.76308 -39.9726 0.0393802  0.277951  0.418513  0.0341168  -0.191482 -0.0270497
     390.1  15.7384  7.71535 -32.2696 0.0282548  0.261049  0.395949 -0.017763 -0.245326 -0.133684
     390.2 19.0466  9.9314  -23.07 0.0136174  0.239472   0.39368 -0.0549599  -0.344607  -0.104279
   390.299  23.5591  10.0938 -11.1202 0.00918972   0.219036   0.418324 -0.0193671  -0.421993  0.0272696
     390.4 27.8366 7.41164 1.16099 -0.0111387   0.168956   0.449445 -0.0619925  -0.579076   0.115119
     390.5   32.9649 -0.739577   11.2279 -0.0300493   0.130349   0.362342 -0.246435 -0.583347   -0.2787
   390.599   35.261 -4.88579  21.9954 -0.0590151  0.0994339   0.313239 -0.244939  -0.48586 -0.392681
     390.7   35.284 -8.35494  31.5905 -0.0762427  0.0876079   0.305022 -0.112966 -0.349157 -0.252613
   390.799  35.0408 -10.5597  42.2442 -0.0710189  0.0709178   0.310431  0.0217581  -0.245644 -0.0940155
   390.899   34.311 -12.3346  49.3433 -0.0804823  0.0627099   0.316145 0.00737119   -0.13499 -0.0364871
       391  32.4275 -12.6445  53.9044 -0.0753298  0.0482508   0.318751 0.0596668 -0.131216 -0.008406
     391.1 30.1631 -12.357 60.0319 -0.076463 0.0382882  0.317461  0.0546904  -0.135609 -0.0149788
     391.2  29.5504 -13.1781  69.6617 -0.0885159  0.0275646   0.311556  0.0218974  -0.140675 -0.0524013
   391.299   29.292 -15.4433   81.255 -0.162546 0.0503119  0.314834 -0.257393 -0.079735 -0.010973
   391.399  27.1244  -19.601 -85.9085 -0.164126 0.0466373  0.316583  -0.117896 -0.0350755  0.0170202
     391.5  23.8525 -21.5299 -75.1675 -0.139982 0.0349669  0.300311 -0.0304702 -0.0518082 -0.0446682
     391.6  18.1616 -22.5156 -66.0115 -0.132322 0.0178647  0.297491 -0.0408646 -0.0663641 -0.0170603
     391.7  11.7073 -22.3881 -57.1974  -0.136985 -0.0107418   0.286071 -0.0749763  -0.166662 -0.0785533
   391.799  7.19689  -20.473 -50.1768  -0.150724 -0.0329249   0.298741 -0.0531196  -0.133089  0.0244622
     391.9  2.02012  -18.182 -39.2622  -0.146729 -0.0516627   0.286576  0.0355149 -0.0727882 -0.0962958
       392 -1.84913  13.9586 -29.2432  -0.136251 -0.0473278   0.274961 0.0977643 0.0099318 -0.114374
   392.099 -4.86509  8.23969 -20.1438  -0.124701 -0.0476902     0.2624  0.119452 0.0536542 -0.116953
     392.2 -6.72095  5.09718 -12.3432  -0.122007 -0.0323546   0.258134   0.103982   0.156028 -0.0266713
     392.3 -7.82227  3.34866 -4.20666  -0.113464 0.00152428   0.261411 0.0923514  0.259551 0.0210416
     392.4 -7.67568  2.48916   2.8471 -0.110721 0.0188592  0.265681  0.092872  0.197816 0.0449927
     392.5 -6.69723  1.86526  8.41306 -0.0988415   0.029612    0.26327   0.083623   0.134684 -0.0187464
   392.599 -4.90519   1.0015  13.3845 -0.0935878  0.0454417   0.251618  0.0731465   0.120108 -0.0943183
     392.7  -3.3219 0.434324  18.6303 -0.0935482  0.0532791   0.245112 0.0416883  0.100539  -0.05802
   392.799 -2.71211 -1.39306  23.4057 -0.0996742  0.0647603   0.246804  0.0317258   0.131644 -0.0292649
   392.899 -0.511105  -2.15822   29.0153 -0.0987848  0.0837802   0.242583  0.0298092   0.174275 -0.0324797
       393 -0.000626805     -4.05676      35.7049 -0.105379  0.106098  0.251417 -0.0014228   0.170985  0.0630567
     393.1 -5.84875 -8.21023  38.6456 -0.0973559    0.11814   0.264803  0.00250397 -0.00233213    0.172074
     393.2 -16.9451 -12.3789  32.3348 -0.105243  0.106385  0.278076 -0.000328598    -0.164817     0.158195
   393.299 -26.5907 -10.7922  21.4137 -0.123592  0.093855  0.291844 -0.0170104  -0.200851   0.139263
   393.399 -27.7615 -3.69472  9.95066 -0.121149 0.0499902  0.304703 0.00669335  -0.345761  0.0822889
     393.5 -24.2236  1.48048 -1.55596 -0.106928 0.0192264  0.292366 0.0654518 -0.363063 -0.123112
     393.6 -12.0403  3.71347   -12.78   -0.103762 -0.00452176    0.262375 0.0517436 -0.304963  -0.28614
     393.7 -1.08478  1.92297 -21.7139 -0.0954873 -0.0305906   0.213941 0.0313977 -0.218044 -0.370321
   393.799  5.14024  1.93386 -23.7377 -0.0955972 -0.0218497   0.201459   0.100964 -0.0184037  -0.154022
   393.899  8.80539  4.67766 -18.8598 -0.0995451 -0.0156497   0.185497  0.137576 0.0540695 -0.130736
       394 11.4594   5.097 -13.684 -0.0973503 0.00119265    0.16962  0.157543  0.103171 -0.130955
     394.1  10.3386  4.68399 -5.12687  -0.10011 0.0409287  0.172784   0.143517   0.234733 -0.0363851
     394.2 5.79946 3.74882 6.11847 -0.100245 0.0519805  0.185847  0.10175 0.179631 0.064245
   394.299 -3.73648 -1.65972  13.9051 -0.103905 0.0651549  0.218652 0.0358843 0.0955254  0.234193
     394.4 -15.3973 -3.54463  16.1535 -0.0995063  0.0626969   0.243626 0.00658251 -0.0336254   0.245051
     394.5 -26.2427 -4.93079  14.2944  -0.10788 0.0569971  0.273382 -0.0558227 -0.0977641   0.267719
   394.599 -36.1346 -2.06005   9.4968 -0.112721 0.0514886  0.286274 -0.0505253  -0.131262   0.162074
     394.7 -40.7991  4.19352  1.02323  -0.12973 0.0264205  0.306173 -0.132025 -0.221543  0.143862
     394.8 -37.9385  9.18471 -7.85189 -0.132784 0.0118239  0.303136 -0.0522558   -0.23333  0.0191912
     394.9 -25.2913  10.5075 -20.8642  -0.136059 -0.0442347   0.288046 -0.0384221  -0.397295  -0.144282
       395 -10.3692  5.05254 -29.8576  -0.132034 -0.0414403   0.258267 0.0606777 -0.169312 -0.205896
   395.099 -3.81519 -1.17229 -24.9866  -0.121843 -0.0218264   0.253004   0.254536   0.126969 -0.0492713
     395.2 -0.533347  -3.66037  -13.7957  -0.116752 -0.0183139   0.206345  0.304712  0.150324 -0.258913
     395.3  1.83137   3.3844 -2.61382   -0.1024 0.0338614  0.188051  0.335115  0.275709 -0.219375
     395.4 2.85313 4.25681  7.9071 -0.0888889   0.050831   0.194832   0.285543   0.160553 -0.0742553
     395.5 3.49524 6.45012 15.8562 -0.0752713   0.065379   0.194281   0.226123      0.112 -0.0678941
   395.599 5.57859 8.05052 22.6569 -0.0687684  0.0833097   0.182866   0.127004   0.129127 -0.0810491
     395.7 7.72589 9.53684 30.5806 -0.0716848  0.0917362   0.198381  0.046537 0.0975763 0.0951532
     395.8 7.04164 10.7702 37.7785 -0.0777572   0.100201   0.210161 -0.00300774   0.0795408    0.150219
     395.9 1.89884 14.6259  41.542 -0.0673431   0.102835   0.220957 -0.00481772   0.0213031    0.161218
       396 -6.42659 -16.8035  40.6427 -0.0709786   0.103853   0.235978 0.0188821 0.0405104  0.129652
   396.099 -5.71783 -14.6736  45.5727 -0.0808191   0.124198   0.241824 -0.0111642    0.16328  0.0502537
     396.2 -1.94088 -14.4719  52.6834 -0.0838758    0.13716    0.25502 0.0287371  0.115914 0.0539798
     396.3 0.026996  14.5112  58.8819 -0.0907925   0.147551   0.270912 0.0237916 0.0701858  0.150028
     396.4 -3.78413 -18.0969  62.1061 -0.0819735   0.148119   0.281323 0.0847343 0.0011924  0.169841
     396.5 -10.2914  -23.202  60.6727 -0.0794222   0.148154   0.278378   0.099164 -0.0798755  0.0246661
   396.599 -12.2691 -25.6696  57.7326 -0.0792796   0.144196   0.282886  0.0871821 -0.0432408 -0.0173004
     396.7 -6.48612 -21.0146  62.7254 -0.0750268   0.151193   0.283466  0.0502326   0.023966 -0.0377875
   396.799 -1.19108  -14.882  66.4509 -0.06883 0.151768 0.276374   0.095443 -0.0349814 -0.0373137
   396.899 -2.32997 -14.7984  64.8013 -0.0761812   0.148692   0.284467 -0.0150588 -0.0913974   0.130432
       397 -16.0431 -19.4784  56.4321 -0.0770465    0.14351    0.30105 -0.043614 -0.144124  0.230591
     397.1 -25.4185 -16.7401  44.3637 -0.0734531   0.138642   0.310837 -0.004087 -0.146279  0.131509
     397.2 -32.5948 -8.22581  32.9965 -0.0859013   0.129848    0.30947 -0.0936377   -0.11289  0.0202811
   397.299 -32.7828  2.40784  22.5699 -0.111469  0.129024  0.301966  -0.177487 -0.0391811 -0.0969526
   397.399 -27.5756  11.7622  9.30994 -0.132523  0.110202  0.294069 -0.220592 -0.149348 -0.202512
     397.5 -19.9082  17.2063 -7.27123 -0.155335 0.0997181  0.261197 -0.262869 -0.168447 -0.280119
     397.6 -14.1331  18.4288 -22.1457 -0.175366  0.086345  0.246553 -0.251958 -0.117179 -0.155079
     397.7 -9.24621   19.166 -35.1144 -0.186288 0.0720575  0.244792  -0.159417 -0.0954753 -0.0458491
   397.799 -7.01665  21.5603 -47.0071 -0.204283 0.0642539  0.247072  -0.151485 -0.0259461  0.0362232
   397.899 -9.05117    26.07 -55.2982 -0.212833 0.0750809  0.257777 -0.0677562  0.0757014   0.100426
       398 -7.20103  29.2522 -64.0741 -0.209257 0.0889665  0.269242  0.031505 0.0965676  0.119204
     398.1 -2.91427  32.7492 -74.1576  -0.21456 0.0995235  0.276648 0.0332798 0.0917484 0.0931972
     398.2  2.32056 -35.6893 -84.1624 -0.197568  0.100854  0.274002  0.164561 0.0576536 0.0189424
   398.299  8.09134 -37.6819  88.1033 -0.189729  0.100249  0.260452    0.20126  -0.038008 -0.0586814
   398.399  14.1379 -37.7744  83.2697 -0.178229 0.0969727  0.257051   0.178569  -0.107509 -0.0249761
     398.5  18.118 -37.228  81.014 -0.156164 0.0800388  0.254987  0.211865 -0.173035 0.0216804
     398.6   22.021 -39.7214  81.0226 -0.151197 0.0768547  0.261654  0.183051 -0.146422  0.123073
     398.7    24.42 -44.9408   84.289  -0.14572 0.0666999  0.273263   0.13561 -0.131206  0.115452
   398.799  25.0438 -49.5014  87.8926 -0.138434 0.0671883  0.287781   0.106393 -0.0576326   0.125577
   398.899  23.1821 -53.4468 -87.5238 -0.152856 0.0545543  0.291151 -0.0114175  -0.115848   0.109914
       399  20.7946 -56.3836 -82.3214 -0.152172 0.0460426  0.299984  0.038409 -0.129703  0.137773
     399.1  18.1206 -59.6302 -75.4503 -0.147772 0.0430908  0.310874   0.110661 -0.0570027   0.147771
     399.2  13.0008 -63.4026 -65.7102 -0.134217 0.0491664  0.323376  0.175748 0.0341818  0.134259
   399.299  9.44493 -68.3816 -56.9488 -0.127357 0.0388914  0.327477     0.145886 -0.000354573     0.121073
   399.399 -4.26399  73.6133 -40.4276 -0.125462 0.0356269  0.325939  0.0946061 0.00601993  0.0973547
     399.5 -20.7721   76.614 -25.8603  -0.13303 0.0587189  0.335565 -0.0418755    0.16332   0.114904
     399.6 -32.6217   78.942 -18.2067 -0.149789 0.0910209  0.337542 -0.148359  0.276284 0.0802738
     399.7  -30.387  80.3067 -26.0242 -0.172124  0.111715  0.332079 -0.203333  0.205461 0.0595403
   399.799 0.289678 -79.4078  -63.478 -0.203244  0.114564  0.333318 -0.247924 0.0644729 0.0508487
   399.899  19.8782 -71.0031  88.1097 -0.21077 0.126338 0.319459   -0.149534    0.014037 -0.00568967
       400  22.9697 -58.4912  75.2493 -0.242471   0.10059  0.308382  -0.185528  -0.155239 -0.0866968
     400.1  22.1922 -48.4981  68.0093 -0.226648 0.0853698  0.301021  0.0332219  -0.133592 -0.0619959
     400.2  21.3716 -40.8187  62.4443  -0.19558 0.0641596  0.294947   0.206634   -0.14896 -0.0704581
     400.3  18.8072 -33.3387  58.3182 -0.170112  0.043994  0.285639  0.247266 -0.143781 -0.127376
   400.399  14.0288 -25.5277  55.2925 -0.166283 0.0291603  0.274819  0.213949 -0.106649 -0.168644
     400.5 8.43326 -17.875 51.5231 -0.165897 0.0284436  0.268367   0.190439 -0.0311474  -0.124798
   400.599  4.35846 -10.8888  46.3009 -0.163532 0.0365343  0.278928   0.183826  0.0693102 0.00616544
     400.7  1.41846 -7.21331  40.1172 -0.159111 0.0429498  0.272319   0.197091   0.098898 -0.0230502
   400.799 -1.67101  4.74436  33.8346  -0.15835 0.0508846  0.258351   0.161746   0.108731 -0.0801522
   400.899 -4.98265  1.69026  30.0495 -0.155535 0.0583592  0.262698  0.101035 0.0774353 0.0157119
       401 -4.25582  1.02524   34.258 -0.165348 0.0614459  0.257641   0.0483385 -0.00478956   0.0574084
     401.1 -0.193553  0.664012   39.6898 -0.158201 0.0495253  0.269869   0.135789 -0.0978447    0.12933
     401.2   5.17393 -0.505138   47.1429 -0.153676 0.0331303  0.288532  0.183016 -0.156367  0.151061
     401.3  10.9277 -2.21934  57.2858 -0.147334 0.0174974  0.295664  0.211291 -0.178157 0.0715143
   401.399   15.572 -4.93933  68.9147   -0.146749 0.000896642    0.293968   0.203806  -0.147722 -0.0329643
     401.5  19.1899 -7.54318  79.8806  -0.145007 -0.0103873   0.289876   0.174139  -0.112498 -0.0849803
   401.599  21.5436 -10.3762  89.9831 -0.211998 0.0128156  0.277735  -0.143284 -0.0492432  -0.155748
     401.7  22.8516 -13.5737 -79.0758 -0.207486 0.0116836  0.280705 -0.0356769  0.0597279 -0.0746615
   401.799  23.5456  -16.734 -69.3342  -0.156828 0.00976709   0.274494 0.213496 0.190332 -0.08054
   401.899  24.0026 -19.9471 -58.1337 -0.122546 0.0171352  0.263733  0.252536  0.244404 -0.127177
       402  23.8545 -22.1061 -45.7486 -0.103302 0.0207563   0.22945   0.18564  0.173129 -0.292834
     402.1   22.227 -22.5102 -33.7408 -0.0757154   0.017926   0.196334  0.208611  0.057731 -0.389705
     402.2   20.775 -20.9428 -25.6647 -0.0446259  0.0327716   0.158353   0.23451 0.0618983 -0.436129
   402.299  19.5151 -19.1707 -21.3903 -0.0127841  0.0516111   0.110725  0.198493  0.113365 -0.483791
   402.399  17.1272 -17.1178 -18.7043 -0.00253296   0.0373675   0.0666857  0.0637293 0.00748778     -0.439
     402.5    13.64 -15.5052 -16.6214 0.00146508   0.027342  0.0247648 -0.00400686  -0.0799148    -0.36237
     402.6  10.8915 -13.2396 -15.4281 0.00706104  0.0355883 -0.0102564 -0.0115948 -0.0199169  -0.297331
     402.7  9.01112 -12.1794 -15.1989 0.000238155   0.0194685  -0.0217578  -0.173124  -0.105696 -0.0425843
   402.799   7.7916  -12.459 -14.8759  0.00769199    0.043217 -0.00888995 0.0620047 0.0749836   0.10083
   402.899  4.75244 -13.8998  -11.863 0.00456645   0.015741 -0.0109577 -0.0533533 -0.0958995 -0.0189172
       403  4.29797 -3.29997 -13.0746 0.00136235 0.00403296 -0.0108741  0.0571771  -0.209915 -0.0144381
     403.1 -0.519557  -0.13807  -12.5976 0.00623417  0.0148633 -0.0407062 0.0735845  0.036303 -0.175577
     403.2  0.198538 -0.442482  -12.4629  0.00927918 -0.00246294  -0.0219714 0.0558717 -0.071163 0.0208106
   403.299   0.16279 -0.467277   -12.553   0.0117123 0.000863594  -0.0172157  0.0716876 -0.0404435  0.0342796
   403.399 0.163916 -0.44856 -12.4574  0.00915267 -0.00929333  -0.0130331  0.0683882 -0.0730565  0.0345999
     403.5  0.179611 -0.431461   -12.492   0.0111768 -0.00176827  -0.0176338  0.0853072 -0.0241346 -0.0165149
     403.6 0.146705  -0.3835 -12.4946   0.0142863 0.000937986  -0.0214223  0.0953111 -0.0150796 -0.0324114
     403.7 0.204565  -0.4848 -12.5143  0.00809227 -0.00205913  -0.0140568  0.0851349 -0.0350365  0.0186072
   403.799  0.134324 -0.311147  -12.5053  0.0137212 0.00485472 -0.0172083    0.101986 -0.00384527  -0.0157613
   403.899  0.179484 -0.435967  -12.5017  0.00962568 0.000927859  -0.0182535  0.0922671 -0.0318524 -0.0183836
       404 0.146056 -0.35683 -12.4836  0.0104321 0.00219201 -0.0195331  0.0971834 -0.0248211 -0.0197722
     404.1  0.156812 -0.491939  -12.4988   0.0108578 -0.00352952  -0.0205863  0.0960632 -0.0478195 -0.0181283
     404.2  0.168364 -0.423671  -12.4904  0.00826096 -0.00308887  -0.0182954   0.0940183  -0.0397889 0.000675293
   404.299 0.0308431 -0.321367  -12.5063  0.0150307 0.00300158 -0.0267217    0.110882 -0.00941252   -0.050316
   404.399  0.159455 -0.507686  -12.5357  0.0119742 0.00286288 -0.0210977   0.102882 -0.0208556 0.00101484
     404.5  0.191586 -0.489689  -12.5835 0.00733948 0.00565771 -0.0149169  0.0977291 -0.0147143  0.0274616
     404.6  0.190703 -0.411697  -12.5156 0.00585125  0.0023897  -0.013059  0.0931545 -0.0302783  0.0163308
     404.7  0.122715 -0.445515  -12.5955  0.0132739  0.0105873 -0.0209781   0.110383 0.00569332  -0.038691
   404.799  0.113394 -0.414513  -12.5035  0.0162111 0.00369311 -0.0229046   0.107204 -0.0314089 -0.0328645
     404.9  0.194017 -0.474476  -12.4785  0.00898501 -0.00619977  -0.0137782  0.0896699 -0.0710524  0.0274042
       405  0.130807 -0.443472  -12.5397   0.014613 0.00186793 -0.0159963   0.106259 -0.0213478 -0.0045467
   405.099  0.168211 -0.501094  -12.4868   0.0112264 -0.00471173  -0.0176085  0.0961055 -0.0514052 -0.0170676
     405.2  0.140211 -0.403065  -12.5362  0.0125225 0.00523942 -0.0204264    0.103745 -0.00349008  -0.0282687
     405.3  0.107223 -0.398143  -12.5438   0.014825 0.00955273 -0.0236053   0.107915 0.00351126 -0.0349762
     405.4   0.16637 -0.394049  -12.5436  0.0081315 0.00784219 -0.0188957  0.0925208 -0.0200806 0.00576015
     405.5 0.0788977 -0.339539  -12.5167  0.0090118 0.00674554 -0.0206634  0.0924559 -0.0261845 -0.0109955
   405.599  0.141623 -0.475598  -12.5295  0.0112053 0.00232202 -0.0203001  0.0907551 -0.0423225 -0.0068624
     405.7 0.0900134 -0.420354  -12.5918  0.0112262 0.00940404 -0.0233674    0.095215 -0.00971495  -0.0215954
     405.8 0.0965033 -0.436617  -12.5473  0.0113538 0.00537241 -0.0241651  0.0915987 -0.0310394 -0.0174029
     405.9  0.104133 -0.410442   -12.576 0.0144602 0.0103644 -0.023172   0.0984991 -0.00842363 -0.00733369
       406 0.0938027 -0.416444  -12.4898   0.015047 -0.0019421 -0.0232059   0.0897491  -0.0604641 -0.00660984
   406.099  0.125916 -0.370734  -12.4842  0.0143321 0.00140084 -0.0178224  0.0922613 -0.0351142  0.0206858
     406.2  0.138607 -0.371872   -12.401   0.0125977 -0.00672458  -0.0182636  0.0843789 -0.0643413 0.00373509
     406.3  0.136461 -0.392538  -12.4428   0.0106352 -0.00392046  -0.0204239  0.0843085 -0.0417127  -0.013669
     406.4  0.122988 -0.394698   -12.486  0.0111248 0.00180544 -0.0228191  0.0886018 -0.0149622 -0.0231649
     406.5  0.156942 -0.491127  -12.5472  0.0109475 0.00549858 -0.0185858   0.0887636 -0.00579325  0.00758592
   406.599 0.0794528 -0.295221  -12.4727  0.0111469 0.00396465 -0.0215279  0.0851707 -0.0180347 -0.0180804
     406.7 0.0876509 -0.434962  -12.5615  0.0133683  0.0104801 -0.0251667  0.0912308 0.00293562  -0.033236
     406.8 0.0907684  -0.41003  -12.5634  0.0149288  0.0115844 -0.0258665   0.0902223 -0.00217163  -0.0231712
     406.9 0.0395044 -0.414994  -12.6024  0.0172227  0.0157038 -0.0296803  0.0912647 0.00678453 -0.0385146
       407  0.109259 -0.437013  -12.4942  0.0114973  0.0013157 -0.0227326  0.0704223 -0.0605141  0.0163341
   407.099 0.0136065 -0.396354  -12.6297  0.0222405  0.0179097 -0.0273238  0.0982214  0.0191112 -0.0205867
     407.2 0.0390025 -0.388476  -12.5454   0.019308  0.0101722 -0.0273284  0.0828695 -0.0267421 -0.0125283
     407.3 0.0564524 -0.348832  -12.5415    0.01713   0.009182 -0.0263503   0.0764787  -0.0316027 -0.00429819
     407.4 0.0691353 -0.415706  -12.4702  0.0178432  -0.001909 -0.0256839   0.0708034  -0.0705878 -0.00180434
   407.499  0.116317 -0.419361  -12.5135  0.0121315 0.00242631 -0.0213953  0.0663769 -0.0398101  0.0184491
   407.599  0.130946 -0.418409  -12.4557   0.0103286 -0.00422966  -0.0184596  0.0612901 -0.0594754  0.0206776
     407.7  0.111443 -0.413579  -12.5514  0.0114788 0.00576351 -0.0199977   0.0715813 -0.00828706 -0.00294231
     407.8 0.0971298 -0.399221  -12.4809    0.0115736 -0.000898162   -0.0221511  0.0676187 -0.0379263 -0.0155625
     407.9 0.0436967 -0.471187  -12.5319  0.0154613 0.00245818 -0.0312893  0.0767134  -0.017855 -0.0593581
   407.999  0.187443 -0.539132  -12.5023   0.0063032 -0.00508183  -0.0194264 0.0561842 -0.052097 0.0317492
   408.099 0.0502541    -0.387  -12.6267  0.0153635  0.0151779 -0.0229615   0.0855612   0.0421219 -0.00746449
     408.2 0.0825587 -0.463746   -12.551  0.0150296 0.00687351 -0.0235411  0.0736632 -0.0148185 -0.0121925
     408.3 0.0634981 -0.431114  -12.5718  0.0158729  0.0087678 -0.0262924   0.0753359 -0.00833418  -0.0235982
     408.4 0.0790879 -0.458922  -12.5911  0.0142405  0.0109188 -0.0259058   0.0717164 -0.00604265  -0.0131428
   408.499 0.0868737 -0.426359  -12.5071  0.0146159 0.00161101 -0.0244976   0.0657563  -0.0443692 -0.00138727
   408.599 0.0531354 -0.333584  -12.4777  0.0161942 0.00476522 -0.0261024  0.0713427 -0.0221355 -0.0140006
     408.7  0.120203 -0.476621  -12.5673  0.0151062 0.00657339 -0.0235228  0.0681175 -0.0165666 0.00236201
     408.8 0.0600191 -0.384686  -12.5138   0.013977 0.00380967 -0.0267026  0.0637038 -0.0278776 -0.0206852
     408.9 0.0159904 -0.445712  -12.4765   0.0195682 -0.00277647  -0.0351702  0.0687008 -0.0477247 -0.0585024
   408.999 0.0607526 -0.368615  -12.5478  0.0150034 0.00648913 -0.0275934   0.0647354 -0.00522158   0.0110229
   409.099 0.0749173 -0.474281  -12.6136 0.0130029 0.0122618 -0.028063   0.0609991  0.00835419 0.000204715
     409.2  0.118902 -0.512707  -12.6345  0.0143978  0.0118062 -0.0203017   0.0619215 -0.00193882   0.0365003
     409.3 0.0786499 -0.449661  -12.5896  0.0142175  0.0109086 -0.0243888    0.061306 -0.00925632 -0.00810701
     409.4 0.0646622 -0.428791  -12.4926   0.0121169 -0.00168318  -0.0262517  0.0508521 -0.0585056 -0.0151284
   409.499 0.0951534 -0.402877  -12.5951  0.0134687  0.0127078 -0.0245407   0.0639407   0.0114966 0.000931265
   409.599  0.113039 -0.435337  -12.5461  0.0117427 0.00747375 -0.0213718 0.0565334 -0.020221 0.0141003
     409.7 0.0823276 -0.363243  -12.4466  0.0136435 -0.0036347 -0.0232052    0.054783  -0.0593856 -0.00634125
     409.8 0.0922532 -0.417667  -12.5822  0.0136541 0.00872279 -0.0267474    0.0627542 -0.000257414   -0.0240846
     409.9 0.0947517 -0.364135  -12.4878    0.011902 0.000792843  -0.0231188  0.0548184 -0.0370836 0.00532635
   409.999 0.0840879 -0.391031  -12.4259  0.0109133 -0.0063356 -0.0250744  0.0509106 -0.0584724 -0.0133017
   410.099 0.0267011 -0.395987  -12.5583  0.0184426 0.00990018 -0.0306353  0.0733517  0.0191773 -0.0384828
     410.2 0.0945938 -0.447323  -12.5213  0.0146345 0.00440566 -0.0235614  0.0586248 -0.0198383  0.0170288
