     361.9  0.00115258 -0.00990181 -0.00123535 -3.22937e-05  2.16163e-05 -1.96045e-05 -0.000554061  0.000213371 -0.000196525
       362  0 -0  0 0 0 0 0 0 0
     362.1  0 -0  0 0 0 0 0 0 0
   362.199  0 -0  0 0 0 0 0 0 0
   362.299  0 -0  0 0 0 0 0 0 0
     362.4  0 -0  0 0 0 0 0 0 0
     362.5  0 -0  0 0 0 0 0 0 0
     362.6  0 -0  0 0 0 0 0 0 0
   362.699  0 -0  0 0 0 0 0 0 0
   362.799  0 -0  0 0 0 0 0 0 0
     362.9  0 -0  0 0 0 0 0 0 0
       363  0 -0  0 0 0 0 0 0 0
     363.1  0 -0  0 0 0 0 0 0 0
   363.199  0 -0  0 0 0 0 0 0 0
     363.3  0 -0  0 0 0 0 0 0 0
     363.4  0 -0  0 0 0 0 0 0 0
   363.499  0 -0  0 0 0 0 0 0 0
     363.6  0 -0  0 0 0 0 0 0 0
     363.7  0 -0  0 0 0 0 0 0 0
     363.8  0 -0  0 0 0 0 0 0 0
     363.9  0 -0  0 0 0 0 0 0 0
   363.999 -0.0160202  0.0588553 -0.0167414 0.000868454 -0.00215031 -0.00276737 0.00163915 -0.0088454 -0.0118204
     364.1  0.0301042 -0.0616403 -0.0974608 -0.00196246  0.00419311 0.000942266 -0.00240963   0.0191563   0.0151954
     364.2 -0.00366509   0.0548175  -0.0915014 -0.00192994  0.00661105 -0.00218143 -0.00289581   0.0227191  -0.0105096
     364.3  0.0363223 -0.0080292 -0.0175303  -0.00494437 -0.000972623     0.001239 -0.00580138  -0.0147077   0.0152882
     364.4  0.00702766 -0.00807383  -0.0048047 -0.00409862 -0.00321247  0.00179563 -0.0036845 -0.0174223   0.010612
   364.499  0.0175155 -0.0105377 0.00102447 -0.00326368 -0.00273719  0.00227672 -0.00122597 -0.00805924   0.0071203
     364.6 -0.0027747  0.0319775 -0.0326905  -0.00338461  -0.00252805 -0.000488547 -0.00179509 -0.00284488  -0.0129233
     364.7  0.00402133  -0.0120928 -0.00580801 -0.00185115 -0.00173696  0.00244755 0.000580082  0.00370238   0.0108768
     364.8 -0.0357015 0.00407184 -0.0101203  0.000299243 -0.000883772  -0.00193864 0.00330949 0.00697679 -0.0188761
   364.899 -0.00319776   0.0835723   -0.113018 0.000406903  0.00620459  -0.0015548   0.0015352   0.0314763 -0.00735341
   364.999 -0.0493315  0.0241788 0.00936361  0.00347444 -0.00492878 -0.00396081 0.00690363 -0.0239704 -0.0161733
     365.1 -0.0522957  0.0773942  -0.128033   0.0024958  0.00460451 -0.00621119 0.00337156  0.0231655 -0.0206384
     365.2 -0.0279613  0.0327553 -0.0681934 -0.000518464   0.00433027  -0.00191892 -0.00256918   0.0143067   0.0140806
     365.3 -0.0167281  0.0326969 -0.0717912 -0.00137922  0.00240423  0.00022856 -0.00473729  0.00220398   0.0178702
     365.4 -0.0512321 -0.0408854 -0.0815422 0.000950625    0.010126 -0.00255659 -0.000801678    0.0309986  -0.00660155
   365.499 -0.0469037  0.0558484  -0.127382  0.00145003  0.00787667 -0.00476317 -0.000837984   0.00794062   -0.0141887
     365.6  -0.060549 0.00501531  -0.122944  0.00160334   0.0094778 -0.00708931 -0.00115454   0.0117172  -0.0182089
   365.699 -0.0698095  0.0190761 -0.0492865  0.00334743  0.00188997 -0.00743459 -0.000456368   -0.0221754  -0.00986647
   365.799 -0.0675605 -0.0338854 -0.0986386  0.00302598  0.00696019 -0.00581769 -0.00175027   0.0062392  0.00553322
     365.9 -0.00873073    0.037263  -0.0759896 -0.000912093   0.00392934   -7.701e-05 -0.0070333 -0.0071191  0.0337429
       366 -0.0821045  0.0532038 -0.0902951  0.00360123  0.00267918 -0.00677403 -0.000573057  -0.00868943   -0.0194069
     366.1 -0.0903607  0.0591774 -0.0929988  0.00369312  0.00191705 -0.00986316 -0.00115265 -0.00839086  -0.0244051
   366.199  -0.109536  0.0430162 -0.0814825 0.00644789 0.00171767 -0.0122287  0.00167834 -0.00574821  -0.0235745
   366.299 -0.0984698   0.110565  -0.198384 0.00412757 0.00948029 -0.0123235 -0.00364258   0.0257089  -0.0114318
     366.4  -0.114892  0.0164921 -0.0913006 0.00477935 0.00628631 -0.0111798 -0.00355867  0.00420055  0.00201048
     366.5  -0.109106  0.0762634 -0.0971011  0.00472506 0.000422673 -0.00917949 -0.00622273  -0.0209622   0.0120807
     366.6 -0.0840123  0.0614497 -0.0924149 0.00107562 0.00181617 -0.0083503 -0.0118756 -0.0063901  0.0100981
   366.699 -0.0510999   0.114124  -0.149064 -0.000740911   0.00393331  -0.00147144 -0.0136935 0.00600971  0.0413847
   366.799 -0.0689387 0.00679704  -0.103363 0.000319069  0.00483286 -0.00197243 -0.0114588 0.00917845  0.0148152
     366.9   -0.0805687 -0.000870623   -0.0562554 -8.53636e-05   0.00095387  -0.00482812  -0.0113241 -0.00791129 -0.00938127
       367 -0.0964089  0.0765079  -0.107236 0.00289631  0.0015838 -0.0109646  -0.0071283 -0.00173431  -0.0367859
     367.1 -0.114531 0.0971744 -0.100375   0.00676939 -0.000653731  -0.00951438  -0.0020791 -0.00791129  -0.0085607
   367.199  -0.133907  0.0100286 -0.0845701 0.00531086 0.00419409  -0.012345 -0.00764465   0.0161956  -0.0203039
   367.299 -0.120118 0.0838931 -0.094559  0.00373141 0.000947999  -0.0122653  -0.0123845 -0.00273891 -0.00960414
     367.4  -0.152437  0.0281642 -0.0706367  0.00456624 0.000184247  -0.0124863  -0.0112531 -0.00297134 -0.00493263
     367.5 -0.110085  0.123013 -0.133955  0.00345083 8.84554e-05 -0.00842409  -0.0145136 -0.00344084   0.0197011
     367.6  -0.141003  0.0461757 -0.0347876  0.00490285 -0.00452213  -0.0114083 -0.0124538 -0.0196885 -0.0067724
   367.699  -0.10412 0.0826383 -0.032117 0.000776916 -0.00963346  -0.0123952   -0.018579  -0.0325917 -0.00760262
   367.799 -0.0975832   0.060538 -0.0368997 -0.000206557  -0.00565468   -0.0108557  -0.0186383 -0.00386712  0.00609698
     367.9 -0.0908163  0.0741256  -0.128193 0.000409243  0.00273847 -0.00736077 -0.0171224  0.0310493  0.0213357
       368 -0.0888503  0.0912125  -0.110743 6.13834e-05  0.00238135 -0.00888529  -0.016068  0.0177014 0.00304517
     368.1  -0.138959  0.0731634 -0.0642885  0.00416457 -0.00469855  -0.0112414 -0.00948259  -0.0133576  -0.0103525
   368.199 -0.0968652  0.0822397  -0.107066  0.00235641 -0.00141806 -0.00933786 -0.0119298 0.00461464 0.00667405
   368.299  -0.111402  0.0909408 -0.0390429   0.0033702 -0.00695858  -0.0103349  -0.0100956   -0.016661 -0.00133124
     368.4  -0.138046 0.00983139 -0.0327928  0.00499859 -0.00458934  -0.0150102 -0.00882559 8.64999e-06  -0.0255709
     368.5  -0.151754   0.099807 -0.0909603  0.00633604 -0.00266126  -0.0170711 -0.00727889   0.0076363  -0.0220475
     368.6  -0.165548   0.049954 -0.0111387  0.00567555 -0.00813693  -0.0168866 -0.00946173  -0.0149682 -0.00818563
   368.699 -0.183459 0.0894576  -0.13218  0.00271795 -0.00269142  -0.0138899 -0.0147759  0.0107172  0.0112606
   368.799  -0.211988 -0.0403123 -0.0213459 0.00680802 -0.0075159 -0.0134773 -0.00775679 -0.00672709  0.00876223
     368.9 -0.205002 0.0431037 -0.124721  0.00442329 -0.00269241   -0.014089  -0.0123188   0.0133219 0.000172318
       369  -0.206926 -0.0377575   -0.10573  0.0051472 0.00232047 -0.0142165   -0.0118934    0.0297579 -0.000319251
     369.1  -0.243379 -0.0341688  -0.119379 0.00635826 0.00155602 -0.0158597   -0.012382   0.0171791 -0.00859078
   369.199  -0.286376  -0.133851 -0.0721117 0.00722532 0.00317188 -0.0176418 -0.0114469  0.0172527 -0.0140425
   369.299  -0.268203 -0.0460098  -0.106736 0.00428461 0.00122208  -0.012418 -0.0172339 0.00201877   0.022299
     369.4  -0.302325 -0.0701907 -0.0799801 0.00301758 -0.0010757 -0.0135558  -0.0179925 -0.00589187  0.00419823
     369.5  -0.308487 -0.0423253 -0.0878718   0.00681444 -0.000433218   -0.0142595  -0.0113215 -0.00148471 -0.00172303
     369.6  -0.314011 -0.0839766 -0.0552389 0.00465867 0.00202621 -0.0115133 -0.0151732  0.0080607   0.014394
   369.699   -0.30984 -0.0500571 -0.0835679   0.00349901 -0.000913245   -0.0103158  -0.0165467 -0.00608123   0.0136764
   369.799  -0.336722 -0.0734257 -0.0926198 0.00484352 0.00394862 -0.0147153 -0.0143734  0.0160841 -0.0173219
     369.9   -0.36659 -0.0238314 -0.0817489  0.00825088 -0.00208276   -0.020797 -0.00958572  -0.0123894  -0.0406469
       370   -0.32434 -0.0528602  -0.071656  0.00689898 -0.00128442  -0.0183048  -0.0137879 -0.00384093 -0.00425142
     370.1  -0.322712 -0.0198571   -0.07424   0.0056619 -0.00647802  -0.0194405  -0.0171102  -0.0231309 -0.00752186
   370.199  -0.374316 -0.0815826 -0.0540176  0.00827809 -0.00334615   -0.020326  -0.0132288 -0.00205744 -0.00763093
   370.299  -0.280186 -0.0594505 -0.0692731 -5.57748e-05  -0.00729447   -0.0127308 -0.0259804 -0.0184537    0.03646
     370.4  -0.324878     -0.105 -0.0740597  0.00255763 -0.00239868  -0.0131865 -0.0180136 0.00797166  0.0134784
     370.5  -0.346021 -0.0482017  -0.167107 0.00814859 0.00610449 -0.0171614 -0.0105897  0.0368299 -0.0148273
     370.6  -0.349547 -0.0713861 -0.0776638  0.00906575 0.000761909  -0.0204686 -0.0104843 0.00297922  -0.022991
   370.699  -0.311117 -0.0638048 -0.0739702 0.00497583 -0.0023174  -0.018564 -0.0175914 -0.0112414 -0.0002712
   370.799  -0.403117 -0.0915842  -0.101763  0.00781427 -0.00191566  -0.0194705  -0.0142771 -0.00519034 -0.00388343
     370.9   -1.14508  -0.292003 -0.0783913  0.00814808 -0.00190885  -0.0221382   -0.0337246  -0.00758099 -1.16873e-05
       371  -4.3315 -1.31818 -1.16979   0.00727753 -0.000295002   -0.0115935 -0.0235779  0.0110121  0.0849722
     371.1  -5.36807  -1.26567 -0.409588  0.0119585 0.00103163  0.0044084 -0.00855749   0.0209542    0.174022
   371.199  -8.71969  -2.18937 -0.321481   0.0134403 -0.00600558   0.0300857 -0.00400433   -0.018743    0.270426
   371.299  -12.6478  -1.99902 -0.146714   0.0105089 -0.00811875   0.0625785 -0.0305616 -0.0316307   0.322652
     371.4 -16.2414 -2.84448 -1.62916   0.00269609 -0.000168648     0.108331  -0.0844412 -0.00836622    0.390435
     371.5 -19.0188 -3.78862 -4.09929 -0.00766618  -0.0088685    0.146898  -0.105287 -0.0573522    0.36759
     371.6 -19.6338 -4.08675  -7.4409 -0.0105921 -0.0197665   0.153505 -0.0764872 -0.0974088   0.133541
   371.699 -17.3202 -4.19328 -11.4199 -0.00617894  -0.0344144    0.146867 -0.0453836   -0.10625 -0.0496807
   371.799 -14.0879 -4.32053 -14.0778 -0.0105045 -0.0389866   0.140175 -0.0259481  -0.045061 -0.0832758
     371.9 -11.3939 -5.06632 -15.0872 -0.0131239 -0.0231839   0.137494  0.0485623   0.080203 -0.0313654
       372 -9.98651 -5.51197 -12.4593 -0.0119603 -0.0201047   0.148706 0.0953769 0.0988383 0.0858303
     372.1 -9.11861 -5.67295 -7.32694 -0.00429346 -0.00648386     0.15347  0.131761  0.146408 0.0854906
   372.199  -8.8417 -4.99562 -1.75426 0.00068404 0.00637952   0.163442 0.139231 0.157733 0.115055
   372.299 -9.13535 -4.62366  4.87743 0.00903608  0.0279169   0.171789  0.127619  0.197696 0.0918399
     372.4 -8.00958 -4.00273  13.6102 0.0205745 0.0145699  0.181543  0.115014 0.0694111 0.0934554
     372.5 -7.89791 -5.00777   20.837 0.0372615 0.0834219  0.175431   0.0487118    0.248067 -0.00209693
     372.6  -12.143 -6.08018  26.8294 0.0405136 0.0883343  0.176463 0.0319959 0.0888434 0.0589815
   372.699 -18.3078 -4.67487   29.406 0.0383119 0.0658889  0.197404 -0.0222874  -0.114139    0.16501
   372.799 -24.4679 -3.00387  28.1327 0.0259002 0.0503779  0.236436 -0.167793  -0.21801  0.260497
     372.9 -28.4584 -1.43023  20.8925 0.0185127 0.0277443  0.245706  -0.21115 -0.310471 0.0531946
       373 -27.1067 0.888299  11.4848 -0.00273216 -0.00405727    0.257347  -0.299607  -0.324957 -0.0263555
     373.1 -24.6284  1.33821 0.713412 -0.0284167 -0.0291637   0.251748 -0.282248 -0.233994 -0.108794
   373.199  -19.4645 -0.763022  -5.84534 -0.0458355 -0.0278601   0.247633   -0.147209 -0.00149614   -0.105029
   373.299  -14.921 -3.46934 -5.96532 -0.0408468 -0.0258534   0.222785 0.0290253  0.106158 -0.194271
     373.4 -10.2129 -5.88073 -2.79288  -0.0250638 -0.00144893    0.197896  0.148765  0.218481 -0.214733
     373.5 -6.51849  -7.1956  2.32086 -0.00998996   0.0274851    0.179445  0.178549  0.264272 -0.142805
     373.6 -4.32446 -7.45122  8.82218 0.00899725  0.0488351   0.166656   0.181191   0.263101 -0.0945498
   373.699 -1.86876 -6.80843  17.3339 0.0216765 0.0693419  0.169278  0.153757   0.22481 0.0141603
   373.799 -0.678566  -6.19501   26.6846 0.0359406 0.0923099  0.162195   0.118998   0.195019 -0.0136214
     373.9 -0.772591  -6.27743   37.4307 0.0498699 0.0991757  0.166455  0.100186  0.133195 0.0371677
       374 -3.55308 -11.3784  47.7841  0.06523 0.120446 0.221382   0.01384 0.0730481  0.396411
     374.1 -12.1328 -15.8003  54.5737 0.0870766  0.133503  0.246328 -0.000219479   -0.0196046     0.360483
   374.199 -17.8529 -17.9086   54.901 0.0624126  0.122784   0.31003 -0.183599 -0.254953  0.464039
   374.299 -26.0558 -17.0015  47.1986 0.0689772 0.0991911  0.317426 -0.0951544  -0.434792  0.0973793
     374.4 -30.4977 -15.8521  34.6612 0.0330122 0.0845354  0.289524 -0.204082 -0.377337  -0.22319
     374.5 -31.1598 -14.2276  21.8775  0.004162 0.0521443  0.261738 -0.234265 -0.343166 -0.289418
     374.6 -29.3927   -11.84  12.3391 -0.0262953  0.0262778   0.243342  -0.22658 -0.226467 -0.238767
     374.7 -24.8122 -9.72094  6.92388 -0.0437818  0.0142496   0.227148  -0.155311 -0.0873603  -0.219631
   374.799 -19.5875 -9.03839  5.97233 -0.0375601  0.0295734   0.195637 -0.0350463   0.128889  -0.298754
     374.9 -13.3956 -8.38574   9.4133 -0.039867 0.0464481  0.176755 0.0064915  0.237357 -0.202728
       375 -8.16138 -7.43734  15.5095 -0.0353654   0.066209   0.165498  0.0538157   0.301569 -0.0899751
     375.1 -4.17818 -6.44815  23.8184 -0.0249518   0.106764   0.151503  0.0836857   0.377337 -0.0646045
   375.199 -2.46856 -5.55734  32.3349 -0.0149471   0.139612   0.128985 0.0829722  0.324328 -0.121638
   375.299 -1.50644 -3.98194  40.9081 -0.00266384    0.170045    0.145029    0.0599  0.248329 0.0691465
     375.4 -2.22934 -5.19104  48.4319 0.00804943   0.191436   0.172023 0.0337462  0.118121  0.219406
     375.5 -5.87332 -8.40389  55.5061 0.00782792   0.203774   0.214008 -0.0438954 -0.0068803   0.353956
     375.6 -11.1036 -13.1937  56.6832 0.00276528   0.220565   0.243096 -0.102064 -0.141823  0.313126
   375.699  -16.971 -14.2649  50.8773 0.00101874   0.190312   0.266929 -0.0878382  -0.362714   0.260485
   375.799 -22.6095 -12.5011  42.8796 -0.00223961    0.162345    0.266147 -0.101188 -0.408169 0.0593262
     375.9 -26.2828 -8.90162  34.5336 -0.0178601   0.134523   0.253031  -0.151764  -0.378446 -0.0763379
       376 -28.7549 -5.21552  25.6908 -0.0422393     0.1044   0.252382  -0.234792  -0.344104 -0.0424264
     376.1 -29.7563 -1.22901  16.7515 -0.0668522  0.0692171   0.277624 -0.340055 -0.353757 0.0621647
   376.199 -28.4051   2.9482  7.64981 -0.0982768  0.0477398   0.283134 -0.382775 -0.294803 0.0187667
   376.299 -27.5897  6.57692 -2.01522 -0.128285 0.0224412  0.288351    -0.38574    -0.24309 -0.00731067
     376.4 -26.1452  8.26256 -10.7551 -0.152894 0.0100737  0.290089  -0.352492  -0.147745 -0.0602959
   376.499 -24.4635  8.99037 -19.5367   -0.18781 -0.0628068   0.296995  -0.426071  -0.329592 -0.0634328
   376.599 -22.5643  10.4095 -27.2549 -0.219367 -0.108121  0.308307 -0.421035 -0.321108 0.0262168
     376.7  -20.337  11.6497 -34.6562 -0.255656 -0.147077  0.302951  -0.350381  -0.293327 -0.0160697
     376.8  -17.925  12.5383 -40.7063 -0.266442 -0.138455  0.308548 -0.176553 -0.103352 0.0404423
     376.9 -16.0754  13.5488 -45.9227 -0.250999 -0.137176  0.293457  0.0327175  -0.002976 -0.0946164
   376.999 -14.2737  13.7977 -51.0256  -0.211949 -0.0935091   0.275071  0.267273   0.16929 -0.145636
   377.099 -12.3193  13.3174   -56.27  -0.222646 -0.0824366   0.296973  0.128494  0.184257 0.0675405
     377.2 -10.6046  13.7284 -61.6991  -0.232854 -0.0984864   0.270826 0.0605875 0.0888788 -0.125768
     377.3 -8.75323  13.4907 -67.4404  -0.241847 -0.0817466   0.279473 0.0278849   0.12524  0.010909
     377.4  -5.7037  13.2927 -73.9381  -0.238326 -0.0687391   0.274959 0.0364312  0.146426  0.012351
   377.499  -2.2326  11.9009 -80.4053  -0.255083 -0.0695627   0.282809 -0.0566266   0.157415 0.00879238
   377.599 -0.466212   10.3641  -86.7405  -0.264726 -0.0525956   0.280036 -0.0631845   0.176919 -0.0358941
     377.7 0.148806 -9.14355  87.8131 -0.287634 -0.051923  0.281124  -0.119701   0.184583 -0.0343648
     377.8 -0.283531   8.46939   82.3306  -0.303352 -0.0435015   0.268303 -0.114375  0.217872 -0.099064
     377.9 -0.474119    8.3848   77.2437  -0.304888 -0.0449113    0.25304 -0.0141179   0.203212  -0.137925
   377.999 -0.849877   8.61861    72.948  -0.339404 -0.0304181   0.250437  -0.100882   0.226723 -0.0504407
   378.099 -0.0636926    9.59229    68.7112 -0.342237 -0.014848  0.252535   -0.0107686     0.233218 -0.000128669
     378.2 0.692029 -10.1522  64.5224    -0.32717 -0.00472355    0.265782  0.118266  0.211807 0.0833907
     378.3  1.84065 -10.2307  60.7991 -0.332938 0.0146075  0.275121  0.122889  0.259659 0.0735717
     378.4  2.77408 -9.86208  55.9459 -0.312168 0.0230247  0.279848  0.229517   0.19621 0.0384964
   378.499  3.39707 -9.61651  52.0024 -0.319033 0.0398687   0.27448   0.213654   0.198819 -0.0282312
   378.599  4.32683 -8.86317  47.8659  -0.30408 0.0537904  0.274874    0.265578    0.173458 -0.00618654
     378.7  5.21195 -7.82278  44.4213 -0.280472 0.0532852  0.284196   0.33051 0.0904763 0.0614476
     378.8  6.57629 -7.34636  41.6175 -0.264304 0.0604028  0.293232  0.347193  0.113168 0.0453898
     378.9    6.958 -6.66907  40.0349 -0.246343 0.0678916  0.300326  0.320117  0.135673 0.0577332
   378.999  9.11649 -7.59842  37.5405 -0.238468 0.0815073  0.310708  0.241551  0.205105 0.0526165
   379.099  11.1843 -9.13697  34.9863 -0.227896 0.0963454  0.327921  0.237638  0.224692 0.0984596
     379.2  15.4194 -11.3409  32.8159 -0.21773 0.111895 0.337767  0.262466  0.216973 0.0834821
     379.3 18.5891 -13.076 30.8308 -0.195045  0.109282  0.342978  0.258184 0.0933329 0.0349765
     379.4  21.0315 -14.7273  30.2119 -0.190578  0.110582  0.338258    0.20781  0.0307349 -0.0450901
   379.499   22.956 -15.5058  31.4123 -0.179861  0.111593  0.340347    0.199784  -0.0384539 -0.00162426
   379.599  27.3598 -18.6518  32.6107 -0.177841  0.112621  0.339235   0.156359 -0.0431133 -0.0145651
     379.7  29.9444 -20.0666  33.6727 -0.166654 0.0987592  0.346847  0.135609 -0.115673 0.0194933
     379.8 33.3513 -21.438 35.8143 -0.158034 0.0813784  0.357482   0.166288 -0.0996577    0.06241
     379.9  38.0399 -23.8046  37.7625 -0.165285 0.0899455  0.353345  0.0741815 -0.0126871 -0.0121539
       380  41.9149 -31.5484  39.9679 -0.187193 0.0793384  0.345071 -0.0371305  -0.102444  -0.124029
   380.099  43.5982 -35.8714  41.6102  -0.18647 0.0769571  0.353991  0.0410483 -0.0269734 -0.0495068
     380.2  44.7008 -39.3345  43.7795 -0.190746 0.0780389  0.361426   0.0564914  0.00751261 -0.00189814
     380.3  46.4477 -44.4708  46.9193 -0.185026 0.0620349  0.362882  0.0952695 -0.0782567 -0.0095798
     380.4  48.5031 -48.7466  51.1804 -0.195456 0.0371897  0.355849  0.0333528  -0.169783 -0.0458003
     380.5  50.6564 -52.3886  56.3566 -0.203651 0.0118775  0.352198 -0.00321043   -0.212966  -0.0422929
   380.599  50.5638 -57.7963  63.6797  -0.205755 0.00343093   0.355103 -0.00580873   -0.120613  -0.0325589
     380.7  44.2075 -63.4013  75.6268 -0.186184 0.0110443  0.364866     0.101  0.035903 0.0223632
   380.799   32.107 -69.4288 -85.4955   -0.180039 -0.00251193    0.378708    0.147716 -0.00149019   0.0371935
   380.899  7.26244 -72.9032 -53.3798  -0.169346 -0.0300556   0.384102   0.207503 -0.0670447   0.012436
       381 -17.4538  71.5367 -21.0477   -0.140536 -0.00261727    0.383757    0.26813   0.166844 -0.0218714
     381.1 -32.0824  67.3198  1.21092 -0.0983114  0.0334443   0.370914   0.317377   0.297551 -0.0914198
     381.2 -41.1616  62.7841  18.1936 -0.0663528  0.0598269    0.35544   0.30259  0.291797 -0.121897
   381.299 -42.9964  56.5366  28.1512 -0.0387022  0.0742696    0.33793  0.290301  0.197648 -0.149544
   381.399 -41.0555  48.6725  34.4728 -0.0159632  0.0788347   0.325469  0.258454  0.124295 -0.128296
     381.5 -37.9728  41.1177  37.7339 -0.00272583   0.0856503    0.314101  0.179929  0.107963 -0.127031
     381.6 -33.6558  35.1248  39.0166 0.00913618  0.0969603   0.298613  0.139958  0.143709 -0.144171
     381.7 -29.4691  32.2123  41.7911 0.0176422    0.1048  0.291373  0.0903588   0.143599 -0.0791596
   381.799 -24.9253  27.5004  44.2085 0.0156946   0.12103  0.294709  0.0252069   0.178071 0.00701115
   381.899 -20.2833  22.7521  48.0789 0.0161192  0.140291  0.288966 0.0346875   0.19543 -0.028641
       382 -17.4817  19.2879   54.223 0.0129327  0.162894  0.289427 0.00722484    0.23198 0.00601809
     382.1 -17.0912  14.0146  60.3584 0.0145368   0.19689  0.269084 0.00631172   0.207031  -0.100055
     382.2 -15.3705  10.4089  66.1836 0.0122715  0.205496  0.268163 -0.000455389     0.122324    -0.032861
   382.299 -20.0626  1.10041  68.1147 0.032264 0.205776 0.278397  0.0606918 -0.0282851   0.121412
   382.399 -27.5088 -9.52479  65.5241 -0.0165685   0.239962   0.303697 -0.216678 -0.135969  0.215343
     382.5 -34.3936 -14.9437   58.419 -0.0417531   0.225192   0.326517 -0.283599 -0.316765  0.158154
     382.6 -41.2415 -16.8701  47.7355 -0.0217992   0.183955   0.323862 -0.055986 -0.471329  0.014029
     382.7 -45.7191 -13.1323  36.4821 0.0113419  0.126708  0.309482  0.103773 -0.562887 -0.124763
   382.799 -47.5425 -5.91216  25.5329 -0.0189246  0.0931308   0.310912  -0.134024  -0.476915 -0.0344361
   382.899 -48.6336  3.09541  16.2964 -0.0609831  0.0652852   0.312854 -0.287077  -0.33986 0.0221253
       383 -47.8091   11.125  8.70393 -0.0739138  0.0363673   0.312024    -0.245527    -0.260473 -0.000902372
     383.1 -44.0341  17.1277  1.80602 -0.0885148 0.00143038   0.315737  -0.228071  -0.250142 -0.0262934
     383.2 -39.7278  21.7886 -5.07928  -0.114154 -0.0211268   0.321358 -0.247926 -0.171324 0.0219046
   383.299 -37.4552  25.4289 -10.0118  -0.136062 -0.0312642   0.329218  -0.223877 -0.0614079  0.0638429
   383.399   -38.01    28.05 -13.0694  -0.152094 -0.0359478   0.331471  -0.165524 -0.0478108  0.0322951
     383.5 -36.0562  29.8846 -17.5661  -0.175675 -0.0522739   0.337828 -0.167412 -0.107323  0.033817
     383.6 -31.3668  31.2074 -24.4456  -0.188977 -0.0518971   0.340359   -0.10959 -0.0645446  0.0374027
     383.7 -24.8541  31.2393 -31.1553  -0.181039 -0.0288033   0.342149 0.0408935 0.0619206 0.0419512
   383.799 -19.2029  29.3741   -33.79  -0.176192 -0.0283508   0.328994   0.125775   0.045747 -0.0359402
   383.899 -13.9381  26.3959 -34.6515  -0.166565 -0.0254827   0.317135   0.178332  0.0111136 -0.0802366
       384 -6.73497  23.1511 -37.6959  -0.166686 -0.0398899   0.297706   0.137907 -0.0663627  -0.148323
     384.1 -2.65612  20.6607 -39.4433  -0.161441 -0.0415124   0.285063  0.136478 -0.040739 -0.104515
     384.2  1.39569 -19.6281 -41.1731  -0.163293 -0.0420216   0.285324    0.12802 -0.0258095 -0.0177828
   384.299  5.41824 -20.4426 -41.4346  -0.158744 -0.0362358   0.279613   0.190027  0.0478484 -0.0325091
   384.399  7.61919 -21.6244 -36.9937  -0.146265 -0.0199735   0.274113   0.277721   0.133249 -0.0523505
     384.5   7.8596 -23.8254 -30.8544  -0.121755 0.00309949   0.262561  0.306044  0.174971 -0.076862
     384.6  6.62751  -25.791 -26.3021 -0.109704 0.0242216  0.263241     0.19496    0.140354 -0.00551519
     384.7  7.19207 -26.4137 -31.3076 -0.114596 0.0262906  0.274594 0.00886239  -0.060068     0.0574
   384.799  8.91728 -25.9287 -40.7562  -0.121523 0.00367875    0.27163  -0.12712 -0.165739 0.0211537
     384.9  9.03755 -24.1612 -49.0719  -0.146092 -0.0175162   0.273227 -0.213367 -0.181383 0.0247408
   384.999  9.12488 -22.3779 -57.9467  -0.163453 -0.0282506   0.290318  -0.202925 -0.0961977  0.0963047
   385.099  9.36097 -20.6426 -65.7025 -0.174212 -0.028087  0.307042  -0.12918 0.0311177  0.106531
     385.2  9.47903 -18.8071 -72.7645  -0.199087 -0.0256683   0.301192  -0.143538  0.0835191 -0.0176376
     385.3   9.4141 -16.7527  -79.338  -0.214314 -0.0188101   0.301954  -0.089625   0.139603 -0.0148361
     385.4   9.2387 -15.7284  -85.719   -0.233008 -0.00838092    0.306266 -0.0693528   0.199688  0.0118544
   385.499  9.29575 -15.0432  87.4893    -0.241874 -0.000249478     0.302197 -0.0509386   0.240189 -0.0415773
   385.599  9.45619 -14.4676  80.4931 -0.258144 0.0159938  0.293448 -0.0570556   0.237461 -0.0798958
     385.7  9.46953 -13.9386  72.3415 -0.231751 0.0156306   0.29213   0.119725   0.182428 -0.0675415
     385.8  9.09399 -12.7708  64.3933  -0.20154 0.0165777  0.286716  0.260917  0.124288 -0.073919
     385.9  8.95586 -11.4542  56.6567 -0.191992 0.0253751  0.286114   0.307376   0.139264 -0.0405965
       386  10.1287 -10.6022  49.9105 -0.176337 0.0336283  0.290609  0.356755  0.130798 0.0146197
   386.099  12.5001 -9.18893  43.3933 -0.159639 0.0426885  0.295916  0.353747  0.148392 0.0304531
     386.2  15.6236 -7.20211  35.8817 -0.148742 0.0569379  0.303312  0.316659  0.198748 0.0179125
     386.3 18.0163 -5.3357 29.1748 -0.138986 0.0721442  0.307544  0.309022  0.232893 0.0129844
     386.4  20.6049 -3.17404  21.7093 -0.120444 0.0843934  0.318563 0.349123 0.209141 0.030089
     386.5  22.2587 -1.26189  14.7993 -0.112876 0.0907961  0.365931 0.388252 0.159756 0.166759
   386.599  22.8681 0.184644  8.47686 -0.0802716   0.077244   0.308674   0.274242 0.00796725  -0.186072
     386.7 23.0325 1.66478 3.19534 -0.0821473  0.0905194   0.312614   0.22135 0.0422756 -0.112669
     386.8  22.7559  3.69125 -1.68861 -0.0758534   0.127039   0.321499   0.193393   0.155298 -0.0515402
     386.9  22.1235  4.68139 -6.51014 -0.0660245    0.12344   0.326281   0.172393  0.0620576 -0.0144268
   386.999  19.6753  7.46226 -11.2701 -0.0338544   0.165869     0.3735 0.266166 0.154993  0.17185
   387.099  18.4432  9.09743 -14.9544 -0.0192769   0.189495   0.393509 0.219884 0.108865 0.147837
     387.2  17.7448  10.4416 -17.9022 -0.0149798    0.21445   0.395815   0.12419 0.0624976 0.0408608
     387.3  16.0334   12.551 -20.6339 -0.0099479   0.231357   0.410615   0.106401 -0.0273969   0.078531
     387.4  18.7388  14.0227 -25.1033 -0.0165606   0.222517   0.400284 -0.00317995   -0.171395 -0.00732078
   387.499  17.3954  16.7949 -29.1091 -0.0316454   0.194641   0.409769 -0.00907792   -0.376622  0.00807435
   387.599  15.9402  20.2674 -34.0694 -0.010531  0.181241  0.410591  0.0529276  -0.453871 -0.0454317
     387.7  16.6354  19.2112 -39.1183 0.0409272  0.244965  0.426821    0.26081  -0.298606 -0.0255438
     387.8  16.2016  20.3215 -42.8106 0.0930404  0.281899  0.439261  0.370446 -0.224322 -0.033254
     387.9  14.6102  20.9511 -48.0734 0.134978 0.318986  0.44858   0.335921   -0.15934 -0.0826641
       388  11.4359  18.7161 -53.6046 0.124128 0.317966 0.445482  0.130488  -0.28738 -0.124685
   388.099   7.6365  15.0514 -58.0676 0.114591 0.289576 0.430057 -0.0316786   -0.42523  -0.184606
     388.2  5.15328  10.9774 -61.5202 0.0699228  0.260659  0.477616 -0.185788 -0.619947 0.0870272
     388.3  3.11449  7.12671 -65.3413 0.0506659  0.264252  0.463429  -0.158182  -0.614555 -0.0926573
     388.4  1.19322  2.84311 -69.4002 0.0602637  0.255404  0.458885 -0.0313624  -0.659127 -0.0823589
     388.5 0.175547 0.844108 -74.8006 0.074496 0.251498 0.445275 0.0477197  -0.71056 -0.115898
   388.599 0.645015  1.33515 -78.1925 0.0388238   0.23933  0.435509  -0.148572  -0.798581 -0.0862408
     388.7  1.66607  4.98909 -77.3188 0.0375339  0.235441  0.441837  -0.115123   -0.83481 -0.0139059
     388.8  4.25113  10.1912 -73.9265 0.045686 0.230168 0.461474 -0.0363272  -0.840353  0.0475088
     388.9  7.21214  15.6375 -69.2684 0.067563 0.224711 0.483359 0.0724972 -0.857266 0.0728512
       389  11.4212  21.8175 -62.8938 0.0984275  0.227246  0.486691   0.156403  -0.774151 -0.0557452
   389.099  16.3639  24.9107 -53.6549 0.113809 0.229399 0.435973 0.0849762 -0.583986 -0.358062
     389.2  19.6739  24.7052 -43.0023 0.134473 0.252731 0.403319  0.125956 -0.396921   -0.4863
     389.3  12.0482  18.1267 -45.9124 0.131998 0.274755 0.400353  0.190408 -0.360914 -0.501583
     389.4  7.24462  11.9267 -51.8459 0.111288 0.275514 0.392151 0.0963945 -0.446776 -0.342219
     389.5  5.59473   9.7805 -52.6903 0.0957259  0.267341  0.438116 0.0540923 -0.568621 0.0503049
   389.599  1.75762   5.6277 -55.9493 0.0927217  0.271655  0.469822 0.0651561 -0.574311  0.109202
     389.7 0.0501354     2.474  -56.6607 0.0694952  0.259671  0.468287 -0.0232402  -0.647583  0.0605812
   389.799   2.2635  4.20713 -52.8498 0.0597352  0.249809  0.475246 -0.0486187  -0.670585   0.074596
   389.899  6.09576  7.43178 -45.4371 0.0607624  0.257766  0.467406 -0.00233045   -0.630934  -0.0190839
       390  9.13342  9.94699 -38.5254 0.043897 0.256228 0.441677 -0.039665 -0.580398 -0.178605
     390.1  12.3684  13.0159 -30.4683 0.0371527  0.250778  0.420743 -0.0550758  -0.536362  -0.237213
     390.2  16.4052  14.0191 -21.2714 0.0183061  0.229791  0.428052 -0.103458 -0.601885 -0.146198
   390.299  21.2253   14.035 -9.13424 0.00959053   0.221582   0.444324  -0.112053  -0.570577 -0.0537774
     390.4 25.5322 11.4259 3.26573 -0.0151256   0.173199   0.466452 -0.200332  -0.70599 0.0321342
     390.5  32.7867 -0.96998  11.1199 -0.0641689   0.108671   0.340786 -0.498961 -0.799303 -0.493979
   390.599  35.2162 -5.03286  21.8398 -0.103061 0.0801964  0.305972 -0.419017 -0.594165 -0.428039
     390.7  35.2649 -8.52125   31.408 -0.119044 0.0685677  0.304625 -0.223509 -0.410708 -0.200368
   390.799  35.0689 -10.7155    42.11 -0.115589  0.058255  0.314521 -0.0783067  -0.266834 -0.0107124
   390.899  34.2713 -12.4915  49.1963  -0.11881 0.0517854  0.324602 -0.0478277  -0.155371  0.0636868
       391  32.3905 -12.7875  53.8017  -0.11287 0.0402178  0.328604 0.000724291   -0.151028    0.073099
     391.1  30.1394 -12.5159  59.9774 -0.118305 0.0322203  0.327767 -0.0218429  -0.153697   0.042835
     391.2  29.5525 -13.3145  69.6064  -0.13255 0.0222621  0.317359 -0.0560281   -0.16607 -0.0317287
   391.299  29.3729 -15.5473   81.209 -0.183092 0.0328429  0.313753  -0.216346  -0.132046 -0.0156454
   391.399  27.1647 -19.7066 -85.9511 -0.174739 0.0267332  0.315411 -0.0588127 -0.0827431  0.0281515
     391.5  23.8698 -21.6534 -75.2209 -0.147865 0.0136248  0.295648 0.00952478  -0.109887  -0.046872
     391.6  18.1577  -22.648 -66.0747   -0.138822 -0.00428453    0.289183 -0.0118721  -0.128648  -0.025658
     391.7  11.6853 -22.4782 -57.1994  -0.148434 -0.0322228   0.284724 -0.070148 -0.223155 -0.032857
   391.799  7.19525 -20.5574 -50.2145  -0.159906 -0.0522506   0.300086 -0.0381782  -0.178232  0.0723429
     391.9  2.01045 -18.2783 -39.2913   -0.15457 -0.0716359    0.28495  0.0545479  -0.124692 -0.0825904
       392 -1.89595   14.012 -29.2583  -0.143875 -0.0672815   0.272863  0.119077  -0.03939 -0.103173
   392.099 -4.89289  8.34163 -20.1623  -0.129677 -0.0643329   0.264688   0.147916  0.0238855 -0.0821751
     392.2 -6.75891  5.12204 -12.3504  -0.123218 -0.0398888    0.25985   0.145917   0.161639 -0.0107031
     392.3 -7.89305  3.35071 -4.18055   -0.111247 -0.00734244    0.261154  0.140192  0.244079 0.0185709
     392.4 -7.7279 2.47993 2.84815  -0.10897 0.0132051   0.26446 0.139144 0.189468 0.043359
     392.5 -6.76908  1.85042  8.35614 -0.0949086  0.0314596   0.259873   0.131008   0.147904 -0.0282596
   392.599 -4.96238  1.00602  13.3188 -0.0903707  0.0487958    0.24994   0.119077   0.130314 -0.0861598
     392.7 -3.37837 0.419027  18.5323 -0.0899059  0.0615519   0.243674  0.0872045   0.119326 -0.0519116
   392.799 -2.76814  -1.4278  23.3319 -0.0963947   0.071536   0.244696  0.0823124   0.133764 -0.0287586
   392.899 -0.611533  -2.13423   28.9265 -0.0940837  0.0894278   0.237903  0.0859736   0.167925 -0.0463093
       393 -0.141171  -4.02362   35.6001 -0.104252   0.11486  0.239074 0.0398951  0.183169 0.0135273
     393.1 -6.06726 -8.13511  38.5642 -0.0963788   0.125842   0.246932  0.0465223 0.00413506    0.12115
     393.2 -17.0668 -12.3471  32.2509 -0.104818  0.113486  0.265681 0.0300187 -0.170344  0.167384
   393.299 -26.6423 -10.7747  21.3432 -0.124378 0.0991315  0.289534 -0.00521762   -0.225083     0.20074
   393.399 -27.8521 -3.68413  9.87104 -0.118342 0.0552396  0.301617 0.0485311 -0.366219  0.111006
     393.5 -24.2942  1.47975 -1.60998  -0.10438 0.0219548  0.290832   0.106083  -0.396037 -0.0892529
     393.6 -12.0993  3.70458 -12.7733   -0.102154 -0.00986393    0.260948  0.089614  -0.37238 -0.262108
     393.7 -1.11241  1.93177 -21.7042 -0.0982878 -0.0423308   0.214204  0.058937 -0.304281 -0.346247
   393.799  5.04904  1.99489 -23.7032 -0.0973291 -0.0350752   0.197501   0.129662 -0.0927168  -0.169691
   393.899  8.77414  4.59643 -18.8556  -0.102259 -0.0308386   0.183773   0.168734 -0.0188072   -0.13051
       394  11.4351  5.06071 -13.6563 -0.0989926 -0.0128524   0.168963  0.194478 0.0488964 -0.131641
     394.1  10.2907  4.72727 -5.09451  -0.10097 0.0325967   0.16983   0.181569   0.211588 -0.0550938
     394.2 5.71398 3.78925 6.05989 -0.0983499  0.0562509   0.179457  0.141486  0.203231 0.0327532
   394.299 -3.77078 -1.65837  13.8477 -0.104971 0.0696841  0.215849 0.0726872  0.103655  0.238994
     394.4  -15.443 -3.53424   16.058 -0.0999881  0.0707331   0.240829  0.0449353 -0.0218481   0.250122
     394.5 -26.3113 -4.92928  14.2077 -0.104821 0.0655952  0.268432 -0.00428742  -0.0960257    0.263223
   394.599 -36.2008 -2.03829  9.44769 -0.108788 0.0557378  0.282461 -0.00715113   -0.156439    0.178191
     394.7  -40.854  4.21605 0.994388 -0.127256 0.0266308  0.303043 -0.101549 -0.261877  0.173245
     394.8 -37.9944   9.2215 -7.85855  -0.131316 0.00767352   0.301065 -0.0281592  -0.286315  0.0551144
     394.9  -25.325   10.523 -20.8416  -0.139284 -0.0543605   0.289875 -0.0336065  -0.466365 -0.0896767
       395 -10.3946   5.0971 -29.8628  -0.136319 -0.0553618   0.262422 0.0678864 -0.242846  -0.16243
   395.099 -3.86639 -1.14541 -24.9753   -0.12825 -0.0427753   0.255037   0.255252  0.0399757 -0.0431685
     395.2 -0.52648 -3.56485 -13.7978  -0.119727 -0.0296144   0.208108  0.328831  0.124032 -0.259798
     395.3  1.75624  3.38801 -2.56465 -0.101404 0.0242345   0.18303  0.364796  0.259326 -0.258886
     395.4 2.78128 4.24063 7.89226 -0.0866024  0.0476874   0.187962  0.316826  0.166624 -0.103451
     395.5 3.41756 6.46042 15.7697 -0.0745825  0.0714699   0.188652   0.251989   0.145452 -0.0773013
   395.599 5.52076 8.07022 22.5871 -0.0681999  0.0908935   0.177502   0.158164   0.149408 -0.0872572
     395.7  7.6434 9.54591 30.5446 -0.0705348  0.0949478   0.193128  0.086456 0.0858204  0.093529
     395.8 6.96516 10.7989  37.703  -0.0776 0.105839 0.206534 0.0297001 0.0803362  0.153637
     395.9 1.83944 14.6383  41.467 -0.0681667   0.108607   0.217344 0.0267466 0.0238896  0.160238
       396 -6.47405 -16.8271  40.5681 -0.0679597   0.109163   0.233696 0.0626817 0.0349198   0.13578
   396.099 -5.85297  -14.659  45.5049 -0.0752907   0.128158   0.234976 0.0442988  0.158946  0.032272
     396.2 -2.26809 -14.3612  52.6152 -0.0823432   0.143154   0.241807 0.0642637  0.131476 0.0155919
     396.3 -0.456756  -14.3447   58.7749 -0.0959889   0.159527    0.25263 0.0272586  0.108956  0.105453
     396.4 -4.07546 -18.0038  62.0058 -0.0857393   0.158876   0.263081  0.101221 0.0254613   0.15479
     396.5 -10.4136 -23.1654  60.4862 -0.0857494   0.161818   0.266395   0.103007 -0.0610592  0.0508015
   396.599 -12.5106 -25.5523  57.5621 -0.0913935   0.159065   0.268486   0.0847986  -0.0134247 -0.00573091
     396.7 -6.87796  -20.851  62.5827 -0.0830952   0.165912   0.267006  0.0776519  0.0479007 -0.0378836
   396.799 -1.21726 -14.9271  66.3083 -0.0793596   0.167702     0.2629    0.110629 -0.00874824  -0.0175154
   396.899 -2.70985 -14.7443  64.6234 -0.0818174   0.163599   0.262918  0.0286853 -0.0679912  0.0974846
       397 -16.4402 -19.3068  56.3113 -0.0850656   0.158882   0.282176 -0.0145714   -0.12139   0.236247
     397.1 -25.6388 -16.6184  44.2789 -0.0785143   0.150568   0.298612  0.027488 -0.149658  0.173911
     397.2 -32.6645 -8.12438  32.9604 -0.0855555   0.135336   0.303018 -0.0456442   -0.14284  0.0759972
   397.299 -32.7945  2.44363  22.4927 -0.114916  0.135922  0.296785  -0.141887 -0.0513243 -0.0396619
   397.399 -27.6511  11.7938  9.25922 -0.128734  0.112816  0.291935 -0.163919  -0.18477 -0.159606
     397.5  -19.959  17.1881 -7.32512 -0.151951  0.101146  0.258272 -0.208586 -0.203937 -0.247238
     397.6  -14.179  18.4124 -22.1734 -0.174123 0.0806162   0.24438 -0.209624 -0.183807 -0.125497
     397.7 -9.27064  19.1902 -35.1289 -0.190222 0.0572737  0.245205  -0.147055  -0.193087 -0.0127101
   397.799 -7.02143  21.6257 -47.0256 -0.212264 0.0422439  0.246292 -0.151324 -0.135158 0.0554069
   397.899 -9.04395  26.1404 -55.2779 -0.226417  0.048818  0.259144  -0.083546 -0.0265982   0.137729
       398 -7.18169  29.3305 -64.0874  -0.22106 0.0656989  0.271132 0.0359207 0.0229265  0.164995
     398.1 -2.88657  32.8108 -74.1733 -0.224675  0.078009  0.282661  0.041482 0.0388009  0.156546
     398.2  2.35332 -35.7705 -84.1705 -0.213179 0.0801442  0.280719   0.141747 0.00493526  0.0738251
   398.299  8.11995 -37.7493  88.0963 -0.205408 0.0795688  0.267166   0.179744 -0.0891487 -0.0107787
   398.399  14.1664 -37.8556  83.2425 -0.193264 0.0761384  0.261419    0.15927  -0.160064 0.00988802
     398.5  18.1325 -37.2939  81.0069 -0.172133 0.0607289  0.261127  0.189694 -0.209136 0.0684741
     398.6 22.0674 -39.787 80.9957 -0.167306 0.0578408  0.268256 0.161505 -0.17937 0.166997
     398.7 24.4595 -45.018 84.2724 -0.161903 0.0463457  0.279339  0.116028 -0.167468  0.151343
   398.799  25.0931 -49.5908  87.8842 -0.157387 0.0453651  0.292653  0.0795937 -0.0970487    0.15635
   398.899  23.2346 -53.5082 -87.5512 -0.167439 0.0350048  0.296228 -0.0107176  -0.128551    0.14546
       399  20.8644 -56.4894 -82.3792 -0.165773 0.0238826  0.301955 0.0396502 -0.162007  0.156993
     399.1  18.2077 -59.7165 -75.5186 -0.160556 0.0233149   0.31403    0.11368 -0.0648598   0.179828
     399.2  13.0948 -63.4992 -65.7851 -0.145235 0.0312128   0.32683 0.183466 0.034352  0.16679
   399.299   9.4825 -68.4782 -56.9558 -0.139129 0.0217475  0.331776    0.148417 -0.00153681    0.157005
   399.399 -4.17808  73.7024 -40.5072 -0.131813 0.0267986  0.327954  0.117982 0.0472503  0.122566
     399.5 -20.8266  76.6744 -25.8149 -0.135142 0.0547536  0.336148 -0.0116419   0.204251   0.135098
     399.6 -32.7892  79.0118 -18.0504  -0.15131 0.0872991  0.337096 -0.12369 0.292976 0.103349
     399.7 -30.4535  80.4013 -25.9521 -0.175084  0.108291  0.332884 -0.194429  0.213511  0.093245
   399.799 0.463285 -79.5114 -63.6759 -0.207091  0.108463  0.333249 -0.245786 0.0501063 0.0835729
   399.899  20.1565 -71.1024  87.8138 -0.217594  0.113193  0.320267 -0.166986   -0.0333 0.0251435
       400  23.0488 -58.5787  75.1801 -0.258554 0.0805057    0.3117  -0.242279  -0.214517 -0.0539377
     400.1  22.2541 -48.5935  67.9431 -0.257732 0.0694375  0.305065 -0.0678582  -0.157923 -0.0117855
     400.2  21.4162 -40.9001  62.4145 -0.241849 0.0560365  0.301828   0.0766729   -0.139975 -0.00433753
     400.3  18.8028 -33.4396  58.2917 -0.215101  0.036593  0.290212  0.159273 -0.154948 -0.081835
   400.399  14.0296 -25.5975  55.2768 -0.208579 0.0232938  0.278958   0.15367 -0.123058 -0.127505
     400.5  8.34593 -17.9664  51.5449  -0.20301 0.0211848  0.272303    0.15418 -0.0598178 -0.0950008
   400.599  4.31433 -10.9976  46.3245 -0.203765 0.0275873  0.271106   0.133126  0.0400295 -0.0445159
     400.7  1.36691 -7.33506  40.1723 -0.199634 0.0351296  0.261824   0.144703  0.0798994 -0.0564103
   400.799 -1.71548  4.87618  33.9346 -0.202427 0.0435704  0.241426  0.102333  0.101164 -0.130968
   400.899 -5.05284  1.91367  30.1519 -0.198921 0.0495415  0.243917  0.0474284  0.0665147 -0.0193307
       401 -4.30032  1.28476  34.3012 -0.205589 0.0476773  0.238023 0.00715051 -0.0292414  0.0335185
     401.1 -0.284789   0.86669   39.8348 -0.201255 0.0409396   0.25486  0.0791286 -0.0928665   0.138681
     401.2   5.12384 -0.721632   47.2455 -0.197132 0.0253888   0.27648  0.128394 -0.149865  0.176639
     401.3  10.8337 -2.38097  57.3357  -0.188603 0.00901182   0.287543  0.175195 -0.177745  0.107928
   401.399   15.485 -5.06168  68.9432   -0.184244 -0.00806062    0.289098   0.186995  -0.151501 0.00660835
     401.5  19.1711 -7.64312  79.9029 -0.189308  -0.01681  0.285374   0.122635   -0.11239 -0.0639836
   401.599   21.591 -10.4432  89.9797   -0.232354 -0.00346244    0.274601 -0.0778756 -0.0574586  -0.127529
     401.7  22.8604 -13.6668  -79.087   -0.218657 -0.00666231    0.276602 0.0321336  0.046161 -0.063508
   401.799  23.5832 -16.8031 -69.3657   -0.165217 -0.00785657    0.270033   0.261328   0.171522 -0.0744567
   401.899  24.0016 -20.0369  -58.157   -0.130691 -0.00350522    0.255374  0.276794  0.207947 -0.143997
       402  23.8462 -22.1657 -45.7367  -0.114872 -0.0012389    0.22508   0.19559  0.131781 -0.279132
     402.1  22.2311 -22.5025 -33.7163  -0.0858265 0.000471927    0.196643   0.23209 0.0431084  -0.35315
     402.2  20.8232 -21.0872 -25.7039 -0.0505759   0.019406   0.162083  0.267387 0.0632221 -0.395033
   402.299  19.5383 -19.2942 -21.3659 -0.0193875  0.0364085   0.114931   0.21994 0.0976107 -0.461473
   402.399  17.0987 -17.2011 -18.6391 -0.00502979   0.0222766   0.0681727    0.086899 -0.00673193   -0.436542
     402.5    13.67 -15.5638  -16.663 0.00141439  0.0266841  0.0264819   0.030217 -0.0417113  -0.355725
     402.6  10.8634 -13.2479 -15.3812 0.00630091  0.0278382 -0.0106049 0.00910677 -0.0304225  -0.305762
     402.7  8.90896 -12.2204 -15.1767 0.0041093 0.0112712  -0.03104  -0.150886  -0.121338 -0.0874097
   402.799  7.73488 -12.4873 -14.8739  0.0109261  0.0402129 -0.0172923 0.0830739 0.0752774 0.0840059
   402.899  4.68759 -13.9167 -11.8275 0.00554822 0.00754888 -0.0179021 -0.0411892  -0.122926 -0.0200961
       403  4.21736 -3.26733 -13.0122    0.003174 -0.00420166  -0.0190617  0.0698936  -0.234597 -0.0199978
     403.1 -0.553122 -0.165843  -12.5896 0.00505427   0.010806 -0.0410748 0.0835904 0.0247837 -0.137866
     403.2  0.132735 -0.422131  -12.4342  0.0096834 -0.0071431 -0.0250549  0.0679721 -0.0877017  0.0238524
   403.299   0.12768 -0.419999  -12.5017  0.00857613 -0.00654105  -0.0183336  0.0753133 -0.0709605  0.0458994
   403.399  0.106323 -0.398794  -12.4076 0.00638231 -0.0162477 -0.0184157  0.0739623 -0.0982825  0.0172224
     403.5  0.159558 -0.467316  -12.4672 0.00841711 -0.0115171 -0.0196229   0.0897172  -0.0581682 -0.00636446
     403.6  0.115097 -0.396891   -12.452   0.0129112 -0.00974332  -0.0221309   0.102738 -0.0460506 -0.0208595
     403.7  0.124855 -0.439264  -12.4854   0.0110191 -0.00642117  -0.0199285    0.102875  -0.0361917 -0.00328418
   403.799 0.0805383 -0.325765  -12.5196  0.0143345 0.00269859 -0.0218522   0.113938 -0.0061813 -0.0194754
   403.899  0.124873 -0.418538  -12.4934   0.011233 0.00130362 -0.0207749    0.105068  -0.0307933 -0.00886089
       404 0.0894045 -0.334526  -12.4512   0.0112568 -0.00273665  -0.0240312   0.103619 -0.0522719 -0.0261325
     404.1  0.117723 -0.533545  -12.4749  0.0100485 -0.0110935 -0.0230305  0.0987394 -0.0831947 -0.0103828
     404.2  0.114561 -0.447756   -12.502  0.00956207 -0.00618211  -0.0224077    0.103447   -0.051162 -0.00443532
   404.299 -0.055113  0.307776  -12.4775   0.0152877 -0.00328463  -0.0342559   0.115856 -0.0358891 -0.0713138
   404.399 0.086385 -0.46117 -12.5256   0.013222 0.00144072 -0.0285069    0.111563  -0.0260988 -0.00758252
     404.5 0.0979771 -0.488622  -12.5826  0.0107839 0.00405829 -0.0218995   0.108036 -0.0255838  0.0259234
     404.6  0.117359 -0.420212  -12.4971  0.00767832 -0.00349518   -0.018539  0.0967223 -0.0612583  0.0235475
     404.7 0.0546593 -0.479416  -12.5758  0.0157156 0.00292353 -0.0263566   0.114533 -0.0258737 -0.0347389
   404.799 0.0505914 -0.458849  -12.5247    0.0180553 -0.000849448   -0.0262428   0.112331 -0.0467957 -0.0204298
     404.9  0.128791 -0.478484  -12.5181   0.0117682 -0.00231347  -0.0193177  0.0997545 -0.0562337  0.0216803
       405 0.0660929 -0.455345  -12.5748  0.0168342 0.00417134 -0.0198958    0.11193 -0.0252768 0.00122508
   405.099  0.088255 -0.518194  -12.5111   0.0155868 -0.00181564  -0.0245891   0.104147 -0.0573551 -0.0304852
     405.2 0.0549448 -0.391308  -12.4996   0.0149677 -0.00098689  -0.0269206   0.102505 -0.0488369 -0.0322945
     405.3 0.0614579 -0.452797  -12.5034    0.0145106 -0.000925191   -0.0275977   0.102009  -0.048435 -0.0237074
     405.4  0.119283 -0.425622  -12.5116  0.00711719 -0.00223782  -0.0218898  0.0891333 -0.0567667  0.0163431
     405.5  0.004579 -0.357155  -12.5353  0.0100358 0.00391664 -0.0271233  0.0981065 -0.0268648 -0.0248188
   405.599 0.0932005 -0.491942  -12.5355   0.0107685 0.000799482  -0.0236227   0.093298  -0.045051 0.00307928
     405.7 0.0203814 -0.432879  -12.5404   0.0131941 -0.00013282  -0.0288267  0.0969093  -0.046367 -0.0285486
     405.8 0.0193529  -0.45366   -12.561  0.0135332 0.00296157 -0.0286292  0.0983199 -0.0336532   -0.01534
     405.9 0.0617492 -0.421665  -12.5427  0.0139949  0.0038591 -0.0267685    0.097368   -0.032941 -0.00194786
       406 0.0272714 -0.370696  -12.4703   0.0151802 -0.00571461  -0.0268793  0.0922536 -0.0715722 -0.0045316
   406.099 0.0518613 -0.386796  -12.4456   0.0164948 -0.00572029  -0.0252461  0.0958768  -0.060494 0.00162055
     406.2  0.126143 -0.396773  -12.4029  0.0102268 -0.0095233 -0.0201579  0.0833067 -0.0723982  0.0247948
     406.3   0.10017 -0.404761  -12.4167  0.00932953 -0.00829682  -0.0215247   0.0850062  -0.0579449 0.000182111
     406.4 0.0864035 -0.363441  -12.4169  0.00838551 -0.00876379  -0.0243143  0.0846116 -0.0547917 -0.0189439
     406.5 0.0933218 -0.527354  -12.5286   0.0122777 0.000789571  -0.0232345   0.0967269  -0.0130604 -0.00745744
   406.599 0.0241713  -0.28602  -12.4325   0.0118284 -0.00148711  -0.0274453  0.0903957 -0.0316529 -0.0316929
     406.7 -0.0194099   0.386782   -12.5781  0.0166764  0.0121187 -0.0349283   0.103624  0.0154018 -0.0596291
     406.8 -0.0118657   0.416478   -12.5196  0.0193662 0.00588352  -0.035869  0.0969117 -0.0281684 -0.0365272
     406.9 -0.045914  0.407022  -12.5709  0.0187194 0.00817979 -0.0366639  0.0911561 -0.0239598 -0.0283882
       407 0.0254313 -0.454738    -12.47   0.0124458 -0.00516851  -0.0312999  0.0705803 -0.0826333  0.0128757
   407.099 -0.0278084   0.355416   -12.5522  0.0184211 0.00657692 -0.0296113  0.0891241 -0.0202076 0.00999739
     407.2 0.0267097 -0.378793  -12.5131  0.0142201 0.00304894 -0.0253718  0.0772137 -0.0429556  0.0246322
     407.3 0.0415299 -0.385133  -12.4841   0.0140374 -0.00166246  -0.0252767  0.0741793 -0.0600116 0.00699881
     407.4 0.0114866 -0.396753  -12.4478   0.0167266 -0.00741215  -0.0282985  0.0763938 -0.0726702 -0.0161747
   407.499 0.0720447 -0.456333   -12.486   0.0123364 -0.00455401  -0.0273014  0.0720926 -0.0523221 -0.0054279
   407.599 0.0598608  -0.38734  -12.4552   0.0111128 -0.00569538  -0.0243752  0.0703858 -0.0517383 0.00998375
     407.7 0.0715663 -0.431244   -12.535  0.0110624 0.00425348 -0.0225902  0.0764219  -0.011075 0.00961878
     407.8 0.0667199 -0.375328  -12.4833  0.00908731 -0.00127417   -0.022212  0.0690574 -0.0424362 0.00334306
     407.9 0.00431068   -0.49274   -12.5317   0.0135289 -0.00121131  -0.0311121  0.0773817 -0.0388543 -0.0496444
   407.999 0.113152  -0.5653 -12.4592 0.00727526 -0.0141774 -0.0251386  0.0594259 -0.0893064 0.00510103
   408.099 -0.0172955   0.380365   -12.6541  0.0159223  0.0153583 -0.0281875 0.0936418 0.0479606 -0.016827
     408.2 0.000569513   -0.429524    -12.4797    0.0155823 -0.000756183   -0.0290954  0.0754722 -0.0466443 -0.0177548
     408.3 0.0106113 -0.424836  -12.5254   0.0149095 0.000723855  -0.0300311  0.0752117 -0.0364725  -0.016713
     408.4 0.0493533 -0.463498  -12.6194   0.012751  0.0116098 -0.0279277    0.0762987   0.00263419 -0.000743229
   408.499 0.0279523 -0.432633  -12.4644   0.0150262 -0.00512687  -0.0301865  0.0683408 -0.0709892 -0.0151568
   408.599 0.000146608   -0.339398    -12.4283   0.0155226 -0.00620395  -0.0298629   0.0707912   -0.059895 -0.00982928
     408.7 0.0625265 -0.473421  -12.5689    0.01566 0.00560316 -0.0287597   0.0762968 -0.00715114 -0.00370029
     408.8 0.00326749  -0.394485   -12.5202  0.0143851 0.00354678 -0.0313237  0.0697993 -0.0256266  -0.020168
     408.9 -0.0100949   0.458277   -12.4686   0.0179031 -0.00363037   -0.032883  0.0698102  -0.055283 -0.0214265
   408.999 0.0175676 -0.399266  -12.5416  0.0148309 0.00313292 -0.0276737  0.0671497 -0.0239008  0.0152759
   409.099 0.0331689 -0.448219  -12.5948  0.0105698 0.00961831 -0.0282387   0.0603658 -0.00637985  0.00137671
     409.2 0.0357358 -0.533948  -12.6267   0.016697 0.00810131 -0.0274589  0.0687816 -0.0184538 0.00139047
     409.3 -0.00107011    0.464331     -12.622  0.0159167  0.0116354 -0.0311457   0.0685302 -0.00921655  -0.0230311
     409.4 -0.024979   0.42565  -12.4863   0.0141895 -0.00342899  -0.0352877  0.0554024 -0.0730184 -0.0336859
   409.499 0.0191074 -0.413359  -12.5982  0.0144705 0.00918762 -0.0304464  0.0650798 -0.0100536 0.00892605
   409.599  0.070012 -0.435475  -12.5317  0.0108589 0.00469906 -0.0248002  0.0553326 -0.0370163  0.0309442
     409.7 0.0104085 -0.358001  -12.3848  0.0136345  -0.013323 -0.0289936  0.0522678  -0.100145 -0.0110893
     409.8 0.0378464  -0.40005  -12.5324   0.0120071 -0.00128248  -0.0284829   0.0594551  -0.0325555 -0.00526175
     409.9 0.0362746 -0.410686  -12.4515   0.0123588 -0.00973076  -0.0271688  0.0562944 -0.0635361  0.0022367
   409.999 0.0146692 -0.364609  -12.4271   0.0117165 -0.00786357  -0.0300157  0.0581931  -0.045972 -0.0194474
