   361.799   180.01 -180.009 -180.012  4.38417e-05  2.59061e-07 -1.66084e-05  0.000645911 -8.87623e-06  0.000572798
     361.9  180.011 -180.001 -180.012 0.000135654 1.13001e-05 1.77613e-05  0.00128325 0.000192146 0.000480876
       362  180.013 -180.008 -180.011  6.34119e-05  4.53238e-05 -4.66304e-05  0.00161824 0.000515216 0.000588548
     362.1  180.012 -180.008 -180.011  2.94833e-05 -1.11947e-05 -3.00558e-05 0.000244245 3.42695e-05 0.000518007
   362.199  180.013 -180.008  180.012  7.10269e-05  3.82737e-05 -7.26389e-06   0.00144195 -0.000137542  0.000898804
   362.299   0.0040634  0.00174034 -0.00416139  6.52873e-05  9.30653e-06 -4.73208e-06   0.00111898 -0.000595534  0.000901364
     362.4  180.012 -180.011 -180.011 1.04899e-05 3.87522e-05 5.49502e-06  0.000748345 -0.000535972  0.000651792
     362.5   0.00272094 -0.000879079  0.000399184  4.6313e-05 2.74799e-05 1.29141e-05   0.00112054 -0.000188619  0.000146064
     362.6  180.011 -180.001  180.012 3.92846e-05  3.7689e-05 1.81763e-05  6.74233e-05   0.00164516 -0.000692254
   362.699  180.009 -180.006 -180.011   7.4461e-05  1.84597e-05 -4.17951e-05  0.00202916  3.3364e-05 -0.00073616
   362.799  0.00109001 -0.00131764  0.00073735 -1.26766e-05  3.55233e-05  1.79121e-05  0.00108132 0.000265384  0.00033523
     362.9  0.00481922 0.000662282  0.00306023 6.33771e-05 2.22016e-05 6.49732e-05 0.00166679 0.00150487 0.00053637
       363   0.0025884    0.011032 -0.00409398   6.3272e-05 -2.65743e-05  8.81785e-05  0.00102487 0.000947748  0.00091858
     363.1  180.013 -180.012  180.011   6.8158e-05 -5.17389e-05  6.24823e-05 0.000787557 0.000132682  0.00075155
   363.199  0.00418309  0.00473362 -0.00224091  9.14018e-05 -9.08115e-06  4.42968e-05    0.001441 0.000109082 0.000409028
     363.3 0.000920928 -0.00567968  0.00103524   7.4099e-05 -2.82651e-05  2.61492e-06   0.00164311 -0.000673269  0.000788169
     363.4  180.012 -180.004  -180.01  4.76646e-05  2.95308e-05 -1.24214e-05   5.1972e-05   0.00193734 -0.000932234
   363.499 0.00397795 0.00168966 0.00372139  1.90668e-05 -5.27942e-05  6.81488e-05 -0.000378138 -4.20046e-05  5.33168e-05
     363.6  0.00529411 -7.7798e-05  0.00431336  6.17395e-05 -3.56916e-05  5.34314e-05 -0.000205545 -0.000866758  0.000134597
     363.7 0.000800478 -0.00384469 -0.00286464   0.00011676  5.09487e-05 -4.27663e-05  0.000561906 -2.29058e-05  -0.00170944
     363.8  180.012  180.012 -180.009 8.58453e-05 2.50655e-05 1.55693e-05 0.000892348 -0.00140449 0.000887054
     363.9  180.007  179.969 -179.988  0.00134515 -0.00108475 0.000769363  0.00375433 -0.00615149  0.00428028
   363.999  179.978 -179.991   179.95 0.000477767  0.00577549 -0.00651766 0.00305468  0.0154624  -0.024224
     364.1  180.009 -179.955  179.996 -0.000123613  -0.00321477  -0.00421104  0.00335917  -0.0149846 -0.00585171
     364.2  180.012 -179.965  179.912  0.00101643  0.00629886 -0.00167572 0.00401287  0.0185042 0.00468812
     364.3  180.007 -179.952  179.905 -0.00102865   0.0098906  -0.0037206  0.00282883   0.0245711 -0.00292449
     364.4  0.0143893 0.00621925 -0.0355835   -0.0030522 -0.000128215   0.00120598 0.000787664  -0.0118852   0.0160867
   364.499  179.983 -179.994  180.007 -0.00052357 -0.00555213 -0.00220748  0.00497765  -0.0231279 -0.00176353
     364.6  180.002 -179.998  179.983 -0.000185596 -0.000646473 -0.000619207   0.00497008 -0.000438405   0.00344149
     364.7  179.985 -179.978   179.93 -0.000743363   0.00466072  -0.00448956 0.00395012  0.0168861 -0.0108435
     364.8  179.989 -179.969  179.954   0.00159093   0.00350297 -0.000288974 0.00701076   0.010242 0.00745369
   364.899  179.967 -179.991  179.974  0.00198115  0.00139393 -0.00486385 0.00592059 0.00178442 -0.0113552
   364.999  180.004 -179.912  179.897 0.000969908   0.0067779 -0.00156451  0.0063739  0.0168287 0.00352331
     365.1   179.94 -179.967 -180.006  0.00662222  -0.0108089 -0.00819934  0.0119952 -0.0374153 -0.0208259
     365.2  179.943 -179.906  179.856  0.00492797  0.00818181 -0.00935518 0.00792699  0.0307727 -0.0168403
     365.3   179.97 -179.952  179.923  0.00146435  0.00621622 -0.00199625 0.00202127  0.0176526  0.0150468
     365.4  179.979 -179.968  179.903   0.00018799   0.00574918 -0.000512581 0.000906367   0.0113148   0.0156288
   365.499 179.946 179.968 179.908 0.00196963  0.0171264 -0.0044513  0.00300989   0.0394738 -0.00305583
     365.6 179.964 -179.93 179.861 0.000729022  0.00881692 -0.00600016  0.00136289  0.00475446 -0.00661014
   365.699  179.953 -179.973  179.884  0.00164665  0.00842672 -0.00789989 0.00137924  0.0027333 -0.0111434
   365.799  179.933 -179.969  179.954  0.00467152 -0.00203159 -0.00990627 0.00491967 -0.0296249 -0.0125095
     365.9  179.925 -180.007  179.913  0.00443743  0.00370636 -0.00850428  0.00475994 -0.00185038 -0.00181862
       366  179.998 -179.956  179.929 -0.000564768   0.00213265   0.00083445 -0.00193808 -0.00500878   0.0302246
     366.1  179.922 -179.945  179.917 0.00462853 0.00247279 -0.0106117  0.00480207 -0.00249487  -0.0176853
   366.199   179.91 -179.934  179.909 0.00495835 0.00203286 -0.0138687  0.00427764 -0.00271794  -0.0228268
   366.299  179.887 -179.936  179.906 0.00813851 0.00232768 -0.0162985    0.0066046 -0.000935897    -0.022842
     366.4  179.917 -179.891  179.804 0.00382691  0.0114521 -0.0142646 -7.58198e-05    0.0269688  -0.00696507
     366.5  179.891 -179.974  179.926  0.00459927  0.00351052 -0.00960196 -0.00103307 -0.00416341   0.0120725
     366.6 179.891  -179.9 179.915  0.00559512 -0.00510579 -0.00998574 -0.000433519   -0.0262842    0.0069237
   366.699  179.909 -179.937  179.951  0.00193222 -0.00397514 -0.00991386 -0.00523294  -0.0129484  0.00456003
   366.799  179.916 -179.898  179.893   0.00189792 -0.000471557  -0.00626083 -0.00550945  0.00320871   0.0150865
     366.9  179.921 -179.979  179.905  0.00103018  0.00507192 -0.00316112 -0.00610448   0.0204864   0.0198837
       367  179.925 -179.958  179.914 0.000450442  0.00514721 -0.00696963 -0.00677487   0.0160375 6.23899e-05
     367.1  179.892 -179.904  179.879 0.00420329 0.00428109 -0.0161895 -0.00197581   0.0111125  -0.0311581
   367.199  179.884 -179.887  179.889  0.00845471 9.41326e-06  -0.0134001 0.000551604 -0.00179562  -0.0114553
   367.299  179.865 -179.988  179.933 0.00579854 0.00485399 -0.0175407 -0.00591081   0.0134547  -0.0227128
     367.4 179.868  -179.9  179.92  0.00436706 -0.00147353   -0.017379 -0.00807407 -0.00687878  -0.0129524
     367.5  179.857 -179.951  179.945  0.00418742 -0.00295224  -0.0150952  -0.00974051  -0.00951667 -0.000386146
     367.6  179.869 -179.879  179.869  0.00519689 0.000250734   -0.013018 -0.00884993  0.00305264  0.00744829
   367.699  179.843 -179.978  179.998  0.00583165 -0.00762863  -0.0167622 -0.00858946   -0.021402   -0.007301
   367.799  179.881 -179.908  179.969 0.00143048 -0.0118704 -0.0165541  -0.0139855   -0.026288 -0.00267541
     367.9  179.872 -179.951  179.939  0.00206241 0.000104467    -0.01549 -0.0131887  0.0180439 0.00221595
       368  179.884 -179.927  179.878 0.00243414 0.00657564 -0.0104094 -0.0116235  0.0320913  0.0211579
     368.1 179.882 -179.92 179.902 0.00169966  0.0048125 -0.0143261  -0.0122359   0.0196399 0.000142236
   368.199 179.857 -179.91 179.946  0.00446309 -0.00748979  -0.0157827  -0.0078842  -0.0204379 -0.00292094
   368.299  179.903 -179.917  179.888  0.00196119 -3.7639e-05 -0.00865363 -0.0105189 0.00900716  0.0233956
     368.4  179.879 -179.924  179.971 0.00360508 -0.0089785 -0.0109361 -0.00901553   -0.018851  0.00729931
     368.5  179.845 -179.993  179.974  0.00648297 -0.00296416  -0.0217946 -0.00565808  0.00535034  -0.0322789
     368.6  179.797 -179.924  179.931   0.0092443 -0.00273533  -0.0268619 -0.00362367  0.00565573  -0.0378223
   368.699 179.765 180.007 179.952   0.0086081 -0.00113171  -0.0249976 -0.00610326  0.00904975  -0.0179237
   368.799  179.776 -179.961  179.872  0.00633419 0.000359695  -0.0202844 -0.00937869   0.0147972  0.00452701
     368.9  179.764 -179.987  179.987 0.00758516 -0.0109575 -0.0169535 -0.00854628  -0.0223828   0.0151046
       369   179.78 -179.946  179.867  0.00622952 -0.00243568  -0.0181308 -0.0111639  0.0118967 0.00608637
     369.1 179.758 179.982 179.918 0.00542647 0.00243415 -0.0175638 -0.0142019  0.0250901  0.0066104
   369.199 179.724 179.987 179.905   0.00587273 -0.000477336   -0.0163076 -0.0133222  0.0105846 0.00812724
   369.299 179.656 179.909 179.943 0.00672964 0.00184787  -0.022352 -0.0131804  0.0144047 -0.0146658
     369.4 179.696 179.987 179.881 0.00437044 0.00500494 -0.0158127 -0.0156064  0.0209995  0.0131827
     369.5  179.67 179.999  179.91  0.00472463 -0.00040249  -0.0200963   -0.0145904 -0.000683492  -0.00650298
     369.6  179.659 -179.997  179.916    0.0083484 -0.000549636   -0.0197979   -0.0102069 -0.000694374  -0.00206322
   369.699 179.674 179.913 179.934 0.00648407  0.0026935 -0.0165722 -0.0129242   0.010302  0.0104728
   369.799  179.654 -180.006  179.915  0.00366576 -0.00320298  -0.0135213  -0.0165486 -0.00843374   0.0170499
     369.9 179.662 179.971 179.924 0.00421834 0.00114301 -0.0186428  -0.0155012  0.00841803 -0.00721505
       370  179.624 -180.011  179.915   0.0109459 -0.00518214  -0.0273519 -0.00852936  -0.0108793  -0.0339669
     370.1 179.679  179.98 179.946  0.00737161 -0.00509101  -0.0216633  -0.0150333 -0.00709049 -0.00153816
   370.199  179.679 -179.992  179.917  0.00464314 -0.00838013   -0.022444  -0.0186067  -0.0141884 -0.00317205
   370.299 179.627 179.942 179.953  0.00732114 -0.00390496  -0.0220209   -0.0148553   0.00257466 -0.000728803
     370.4  179.68 179.999 179.921 0.000194211 -0.00820892  -0.0147476 -0.0213415 -0.0107484  0.0244453
     370.5 179.689 179.939 179.916 -0.000201313   0.00250932   -0.0114081 -0.0217088  0.0239177  0.0272629
     370.6 179.669 180.008  179.84  0.0060828 0.00897714  -0.017576  -0.0130134   0.0372073 -0.00260287
   370.699 179.638 179.958 179.921 0.00998896 0.00132095 -0.0258875 -0.0087182 0.00390144 -0.0296239
   370.799  179.65 179.938 179.947  0.00438675 -0.00882936  -0.0188514 -0.0171075 -0.0257596 0.00753133
     370.9  178.94 179.836 179.914 0.00634839 -0.0108778 -0.0199215 -0.0257612 -0.0272934  0.0311667
       371 175.684 178.711 179.022  0.00609929 -0.00810179   -0.016685  -0.0189663 -0.00189528   0.0553002
     371.1 174.427 178.822  179.46   0.00774713 -0.000935138 -0.000943143 -0.00646469    0.034988    0.158717
   371.199 171.315 177.868 179.741  0.0148194 0.00174097  0.0212069 0.0111107 0.0277109   0.25009
   371.299  167.21 177.863 179.877   0.0172217 -0.00287869   0.0579751 -0.00998767  -0.0104696    0.324035
     371.4 163.513 177.293 178.579   0.0115461 -0.00964359   0.0915192 -0.0463859  -0.057528   0.327892
     371.5 160.591  176.28 175.836   0.0056337 -0.00223343    0.133731 -0.0798386 -0.0364096   0.322677
     371.6 160.102  175.85  172.61 -0.011581 -0.019188  0.165416 -0.123052 -0.116217  0.222717
   371.699 162.443 175.924 168.413 -0.0102651 -0.0324688   0.147083 -0.0884654  -0.110638 -0.0124647
   371.799  165.85 175.732 165.637 -0.00431263  -0.0316723    0.126482 -0.0315078  -0.027357  -0.108946
     371.9 168.666 175.074 164.764  -0.004612 -0.0311652   0.121231 0.0304326 0.0591329   -0.0709
       372 170.112 174.427 167.233 -0.000525778  -0.00564735     0.127345 0.0972478  0.178622 0.0208162
     372.1 171.099 174.467 172.578  -0.00173686 -0.000658085     0.156842 0.106315 0.186075 0.158108
   372.199 171.229 174.975 178.304 0.0108318 0.0126664  0.159778 0.125691 0.198624 0.124663
   372.299  171.013  175.501 -174.981 0.0146978 0.0286936  0.170233 0.100539 0.217905 0.111087
     372.4  171.968  176.037 -166.547 0.0226053 0.0509933  0.171044 0.0686651  0.223723  0.058917
     372.5  172.375  175.441 -158.643 0.0487099 0.0601997  0.165583 0.0990161  0.122894 0.0485935
     372.6  168.176  174.212 -152.948 0.0524809 0.0909664  0.170371 0.0672025 0.0773069  0.110369
   372.699  161.567  175.463 -150.443 0.0525586 0.0844691  0.186247  0.0192762 -0.0658147   0.139683
   372.799  155.137  176.904 -151.582 0.0451094 0.0434118  0.210959 -0.0401481  -0.261306   0.169904
     372.9  151.262  178.575 -158.874 0.0191878 0.0189584  0.252273 -0.182533 -0.365895  0.154145
       373  152.173 -179.141   -168.8 0.00779522 -0.0113403   0.239081  -0.221563   -0.36164 -0.0762464
     373.1  155.046 -178.501 -179.656 -0.0207942 -0.0395095   0.242377 -0.246956   -0.2691 -0.121205
   373.199 160.228 179.326 173.558 -0.0403482 -0.0443023   0.228238  -0.139763 -0.0206083  -0.179267
   373.299   165.2  176.55 173.305  -0.0450927 -0.00946964    0.223816 -0.00261798    0.224133   -0.113703
     373.4  169.93 174.145 177.019 -0.0287804  -0.001314   0.193673  0.110513    0.2616 -0.179698
     373.5  173.812  172.856 -177.672 -0.00505266   0.0359277     0.17134  0.169117   0.31348 -0.134896
     373.6  176.021    172.7 -171.224 0.0114166 0.0683858  0.164277   0.159338   0.352792 -0.0629995
   373.699  178.236  173.314 -162.661 0.0290555 0.0813334  0.154158   0.138608    0.27535 -0.0375128
   373.799  179.654  174.184 -153.171 0.0370302 0.0958308  0.164217 0.0984317  0.213804 0.0492772
     373.9  179.417   174.11 -142.491 0.0495898   0.10979  0.157595 0.0570901   0.19319 0.0479414
       374  175.964  169.614 -131.761 0.0509083  0.129785  0.168134 -0.00268287    0.145785    0.185878
     374.1  168.514  163.726 -124.669 0.0770024  0.127671  0.267674 -0.00506975  -0.0507267    0.538355
   374.199  159.538   162.25 -124.263 0.110556 0.113807 0.267664  0.089228 -0.274367  0.289217
   374.299  155.601   161.88 -132.653 0.0614509 0.0756065  0.377699 -0.0852012   -0.58164   0.410543
     374.4  151.579  162.845 -146.046 0.0672929 0.0432801  0.352921 -0.0333097  -0.602937  0.0374489
     374.5  148.767  165.401 -158.996 0.0404717 0.0381333  0.267004 -0.0603647  -0.394005  -0.333083
     374.6  150.325  168.136 -168.683 -0.0108534  0.0346996    0.22654 -0.143996 -0.161555 -0.349929
     374.7   154.88  170.325 -173.847 -0.0363645  0.0180849   0.201785  -0.128752 -0.0262912  -0.360595
   374.799  160.591  171.175 -174.412 -0.050621 0.0183302  0.184379 -0.0974651    0.13615  -0.291388
     374.9  166.635  171.801 -170.941 -0.0382592  0.0620101   0.153645 -0.0240527   0.342825  -0.284723
       375  172.118  172.721 -164.656 -0.0413191  0.0864774   0.153985 -0.0112321   0.415861  -0.119323
     375.1  176.156  173.902 -156.014 -0.0281642   0.105506   0.145424  0.0384019   0.394209 -0.0407136
   375.199 177.993 174.957 -147.42 -0.0194335   0.150016   0.135721   0.0513713    0.371119 -0.00870964
   375.299  178.455  176.168 -138.736 -0.00490907    0.173867    0.112753  0.0365441   0.279894 -0.0377471
     375.4  177.526  175.389 -131.131 0.000499946    0.193167    0.166766 0.0301168  0.140127  0.232652
     375.5  173.853   171.77 -124.097 0.0140386  0.201757  0.200248 -0.000861388   0.00399032     0.334908
     375.6  168.328  166.963 -122.403 0.0137077  0.196884  0.247283 0.00882822  -0.204887   0.396404
   375.699  163.868  164.531 -129.127 -0.0112635   0.198894   0.296293 -0.0656675   -0.36428   0.386697
   375.799  158.777  166.368 -137.706 0.00299697   0.145398   0.302418 -0.0173036  -0.508781   0.220594
     375.9  154.198  170.452 -146.097 0.00181308   0.115125   0.275769  -0.0366463   -0.484154 0.000641133
       376  151.053  174.733 -154.859 -0.012088 0.0880767  0.239945 -0.0886233  -0.401729  -0.110738
     376.1  149.759   178.88 -163.789 -0.0558682  0.0698842   0.234479 -0.239466 -0.323083 -0.121722
   376.199  151.304 -176.958 -172.732 -0.0950151  0.0333282   0.271467  -0.364817  -0.342912 0.00482244
   376.299  152.263 -173.405  177.655 -0.133655  0.017838  0.276618 -0.396829 -0.244284 0.0044915
     376.4  153.582 -171.353  168.875  -0.162735 0.00318757   0.277619  -0.382807  -0.161562 -0.0558065
   376.499  155.299 -171.033  159.793   -0.183233 -0.00275704    0.268633 -0.364999 -0.102165 -0.115543
   376.599   157.07 -169.658   152.44  -0.227077 -0.0938215   0.288695   -0.426605   -0.279486 0.000586644
     376.7  159.495 -168.341  144.977 -0.279197 -0.159191   0.32484 -0.443868 -0.315769  0.111261
     376.8  162.245 -167.064  138.789  -0.29341 -0.170588     0.314 -0.280268  -0.20403 0.0487218
     376.9  164.173 -166.199  133.975 -0.272865 -0.132066  0.312103 -0.0403269   0.034992 0.00564948
   376.999  165.681 -165.916  129.281 -0.235919 -0.122441  0.277262  0.143612 0.0955872 -0.153647
   377.099 167.767 -166.12 123.585  -0.186658 -0.0702671   0.257432  0.287136  0.240471 -0.155698
     377.2   169.37 -166.294  117.986  -0.192596 -0.0538583   0.291335  0.204833  0.266124 0.0255353
     377.3   171.15 -166.058  112.639   -0.20768 -0.0712148   0.256541  0.120974  0.159881 -0.105906
     377.4  174.355 -166.443  105.878  -0.240839 -0.0611346    0.28694 -0.018779  0.175967 0.0783501
   377.499   177.73 -167.765  99.3931  -0.230002 -0.0388825   0.288359 0.0227013  0.232419 0.0230882
   377.599  179.772 -169.409  92.8891  -0.243988 -0.0393024   0.282793 -0.0198433   0.210661 -0.0325955
     377.7 0.228641 -9.39748 -92.7491  -0.263862 -0.0227599   0.281049 -0.0592111    0.23964 -0.0442249
     377.8 0.0745667  -8.64776  -97.8767 -0.298203 -0.016414  0.283011  -0.130767   0.273137 -0.0284534
     377.9  179.754 -171.501  76.9896   -0.315007 -0.00667437    0.276057 -0.0763799   0.287553 -0.0463415
   377.999  179.402 -171.194  72.5737  -0.280955 -0.0218119   0.255364  0.0978907   0.211965 -0.0725012
   378.099 0.143339 -9.71333 -111.274  -0.223328 -0.0444867   0.258515   0.319347   0.154603 -0.0240765
     378.2  1.11274 -10.4905 -115.637  -0.261653 -0.0119661   0.266583 0.176129 0.241981 0.024648
     378.3  2.41077 -10.3942 -119.409   -0.242501 0.000994709    0.281521   0.26485  0.265909 0.0504764
     378.4  3.31649 -9.98523 -123.825 -0.262745  0.031286  0.291442  0.209921  0.296457 0.0486119
   378.499  3.86012 -9.54978 -128.151 -0.247304 0.0465777  0.297757  0.298511   0.25091 0.0433888
   378.599  4.62321 -8.98459 -132.019 -0.240148 0.0545752  0.284961    0.33059    0.21115 -0.0200582
     378.7  5.67639 -7.87613  -135.67 -0.216853 0.0609877  0.284045  0.381433   0.14346 0.0131923
     378.8  6.93059 -7.36667 -138.429 -0.188585  0.056989  0.301881  0.449518  0.122123 0.0387135
     378.9  7.44652 -6.75589 -140.106 -0.169231  0.062206   0.30587  0.432706  0.139856 0.0376521
   378.999   9.4703 -7.53157 -142.555 -0.154141 0.0724104   0.32109  0.359882  0.196488 0.0670515
   379.099  11.7532 -9.17494 -145.092 -0.155333 0.0904899  0.327104  0.308171  0.237145 0.0603339
     379.2  15.7376 -11.4525 -147.239 -0.14424 0.111044 0.355096 0.350854 0.253307 0.143861
     379.3  19.0983 -13.2346 -148.929 -0.132954  0.124006   0.36001  0.317629   0.19802 0.0614179
     379.4   21.428  -14.628 -149.775 -0.111802  0.113301  0.351821   0.335597  0.0721175 -0.0118816
   379.499  23.3949  -15.513 -148.605 -0.102674  0.114754  0.323964   0.299406 -0.0245524 -0.0934994
   379.599  27.5907 -18.5119 -147.316 -0.0940341  0.0991885   0.311087   0.291203 -0.0819868  -0.104623
     379.7    30.43  -20.055 -146.171 -0.101657 0.0978443  0.317103    0.21576 -0.0939118 -0.0818306
     379.8  33.6289  -21.279 -144.071 -0.0893756   0.083899   0.333413   0.262892 -0.0572435  0.0139704
     379.9  38.0892 -23.8315 -142.211 -0.0802187  0.0713978   0.341205    0.276778  -0.0306099 -0.00801983
       380  41.8799 -31.1426  -139.95 -0.0853842  0.0762162   0.331582   0.223239  -0.059906 -0.0898795
   380.099  43.8877 -36.0514  -138.37 -0.101754 0.0664469  0.329767   0.121007 -0.0422785  -0.133793
     380.2  44.8503 -39.3475 -136.392 -0.095374 0.0551184  0.335358   0.177768 -0.0392262 -0.0859704
     380.3  46.2373 -44.4046 -133.011 -0.0946248   0.059728   0.347672    0.20092 -0.0144181  -0.046713
     380.4  48.1123 -48.7103 -128.706 -0.0863958  0.0399688   0.348383   0.199887 -0.0511939 -0.0575926
     380.5  50.4484 -52.3081 -123.572  -0.123764 0.00659889   0.335261  0.0563109  -0.140331 -0.0922792
   380.599  50.7064 -57.5366 -116.432   -0.163583 -0.00586547    0.332237 -0.0779754  -0.114159  -0.105208
     380.7  44.3702 -63.4065 -104.482 -0.200104 0.0103644    0.3416   -0.12645 0.00271525 -0.0231825
   380.799  32.6427 -69.2155 -86.1439  -0.16843 0.0325466  0.357213  0.0944201   0.164445 -0.0133016
   380.899  8.09621  -72.881 -54.1521 -0.158955 0.0142487  0.369202   0.166718   0.162929 -0.0305899
       381  161.744 -108.442  160.102  -0.152747 -0.0244166   0.373618   0.162132  0.0279158 -0.0766638
     381.1  147.677 -112.562 -178.059  -0.122589 0.00913354    0.37249   0.195421    0.17093 -0.0907911
     381.2  138.916 -117.293  -161.49 -0.0744001  0.0593169    0.35081  0.227029  0.305139 -0.149086
   381.299  137.009 -123.335 -151.535 -0.0402841  0.0868168   0.328836  0.220196  0.278678 -0.195089
   381.399  139.061 -131.127 -145.328 -0.0168091  0.0937416   0.310269  0.199173    0.1869 -0.179118
     381.5  142.171 -138.768 -142.012 0.00621458  0.0849662   0.301472  0.170337 0.0911807 -0.154153
     381.6  146.504 -144.961 -140.784 0.0127958 0.0952592  0.295951  0.118718  0.102773 -0.139754
     381.7  150.525 -147.776 -138.285 0.0192781  0.106926   0.27971 0.0665842  0.121318  -0.11174
   381.799  155.032 -152.279 -135.701 0.0212028  0.117563   0.28218  0.0174249   0.138438 -0.0404146
   381.899  160.018 -157.238 -131.782 0.021548 0.129758  0.28861    0.03277   0.135993 -0.0164152
       382  162.595 -160.541  -125.84 0.0143295  0.157855  0.289418 -0.0091357   0.205937  0.0180897
     382.1  163.652 -165.608 -119.098 0.0114379  0.183092  0.290837 -0.00219077    0.177426   0.0157707
     382.2  163.893 -169.305 -113.681 0.0124492  0.211158  0.254154  0.0100659   0.135276 -0.0642105
   382.299  160.809 -178.875 -111.688 0.0245874  0.211459  0.259641 0.0568883 0.0156974  0.118189
   382.399  152.404  170.154 -113.809 0.0510119  0.198657  0.288334  0.141445 -0.225323   0.20147
     382.5  144.847  164.213 -121.615 -0.0167001   0.212786   0.314531  -0.16512 -0.342582  0.140111
     382.6  138.483  162.865 -132.607 -0.0432189   0.176364   0.338799 -0.180019 -0.532552  0.137529
     382.7  134.417  166.078 -144.397 0.0141615  0.117597  0.298107 0.0706683  -0.60892 -0.121352
   382.799  133.532  173.626 -155.618 -0.0167934  0.0600642   0.364146 -0.120448 -0.676527  0.085224
   382.899  131.599 -176.866 -164.456 -0.0161454  0.0257116   0.331609 -0.0934021  -0.510208 -0.0549476
       383  132.161 -168.624 -171.842 -0.0861775  0.0306512   0.312254  -0.294691  -0.227267 -0.0359682
     383.1  135.839 -162.429 -178.819 -0.0976199  0.0163614   0.298103 -0.255078 -0.148561 -0.111456
     383.2  140.367 -157.939  174.395  -0.113018 -0.0168306   0.305486  -0.248768  -0.121656 -0.0620491
   383.299  142.761 -154.322  169.556  -0.140783 -0.0386708   0.320392  -0.255523 -0.0401264   0.033559
   383.399 142.185 -151.59  166.69  -0.163933 -0.0415857   0.337693  -0.236186 -0.0176847  0.0624503
     383.5  143.835 -149.606  162.055  -0.171731 -0.0442492   0.330848  -0.161587 -0.0437089 -0.0248436
     383.6  148.555 -148.511  155.444  -0.191775 -0.0629963    0.33597  -0.137826 -0.0858156 -0.0226739
     383.7  155.173 -148.489  148.605  -0.195328 -0.0545894    0.33609 -0.0332675 -0.0153802 -0.0509141
   383.799  161.258 -150.435  145.522 -0.170586 -0.013313  0.333369   0.129304   0.192837 -0.0300776
   383.899  166.378 -153.499  145.105 -0.156328 -0.011683  0.314936  0.190482  0.121234 -0.105418
       384  173.519 -156.846  142.204  -0.146474 -0.0140468    0.30117  0.182829   0.07274 -0.123556
     384.1  177.952 -159.294  140.268  -0.154294 -0.0395102   0.285434    0.13057 -0.0168057  -0.098801
     384.2  1.57995 -19.7154 -41.3835  -0.149268 -0.0410333   0.280777    0.136882 -0.00455191  -0.0659283
   384.299  5.61703 -20.3116 -41.7269  -0.148678 -0.0373621   0.286609   0.183457  0.0717117 -0.0258874
   384.399  8.11512 -21.8798 -37.4721  -0.134383 -0.0188197   0.277899   0.303625   0.206944 -0.0518678
     384.5  8.37457 -24.1238 -30.9538 -0.113065 0.0105932  0.274737 0.327428  0.23501 -0.02434
     384.6  6.88854 -26.4066 -25.8383 -0.0896292  0.0285206   0.260716   0.233778   0.158017 -0.0225474
     384.7  6.88421 -26.9145 -30.3952 -0.0981869  0.0253492   0.268478 0.0238249 -0.107017 0.0185204
   384.799  8.77149 -25.7498 -40.7719   -0.12415 0.00648954   0.285802 -0.134243 -0.184956  0.103306
     384.9  9.05719 -24.3829 -49.5261  -0.139352 -0.0191456    0.27789 -0.193268 -0.184258 0.0471817
   384.999  9.00915 -22.5726 -58.1912  -0.169547 -0.0335016   0.285275 -0.221987 -0.125303 0.0485086
   385.099  9.14457 -20.7975 -65.9254  -0.178817 -0.0280232    0.30273 -0.143668 0.0311866 0.0547733
     385.2  9.43712 -18.9808 -73.0773  -0.179062 -0.0141951   0.319557 -0.0698864   0.148588  0.0639978
     385.3  9.46635 -16.9585 -79.8535  -0.202745 -0.0022135    0.30837  -0.0492492    0.190581 -0.00210185
     385.4  9.28994 -15.8736 -86.1756 -0.208111 0.0124053  0.310389 0.00825766   0.250824 0.00929511
   385.499  9.47333 -15.1811 -92.9703 -0.229953 0.0262727  0.314551  -0.031546   0.300607 0.00591641
   385.599  9.54098 -14.6698 -100.023 -0.243737 0.0386743  0.303793  -0.015491   0.288296 -0.0400228
     385.7  9.83412 -14.1571  -108.01 -0.247089 0.0471076  0.296876 0.00434973   0.261899 -0.0883869
     385.8  9.45927 -12.8516 -116.135 -0.133748 0.0175766   0.29953   0.429171   0.145317 -0.0648893
     385.9  9.34865 -11.5112 -123.871 -0.0844389 0.00992508   0.290543   0.564013   0.102538 -0.0694157
       386  10.6065 -10.5174 -130.482 -0.0828743  0.0287056   0.295496   0.528182   0.136759 -0.0113448
   386.099   12.869  -9.2256 -136.857 -0.0666166  0.0390989   0.307089  0.488134  0.172874 0.0352818
     386.2  15.8509 -7.38271  -144.36 -0.0592475   0.053125   0.308712    0.426113    0.222935 -0.00504717
     386.3  18.4783 -5.28968 -151.254 -0.0508191  0.0714877   0.314796   0.41522  0.266196 0.0182031
     386.4  21.0902 -3.20715 -158.506 -0.0396254  0.0887004   0.317007    0.42063   0.266573 -0.0103191
     386.5   22.738  -1.1135 -165.551 -0.0211489  0.0937198   0.318396   0.439141   0.191418 -0.0605701
   386.599  23.2835 0.390424 -171.552 -0.00330722   0.0804468    0.369635  0.450759 0.0894232 0.0758165
     386.7   23.278  1.87815 -177.248 0.0198844 0.0725774  0.344419   0.385462  0.0087949 -0.0280492
     386.8 23.2132 2.96556 177.718  0.011279 0.0883702  0.293598  0.260044 0.0457786 -0.212464
     386.9 22.3621 4.85836 173.468 0.0115192  0.139448  0.330984   0.257132   0.161976 -0.0604283
   386.999  21.146 5.58012 167.882 -0.00483614   0.0810954    0.337064   0.209026 -0.0931664 -0.0498839
   387.099 19.2573 8.16721 164.597 0.0333586  0.152966  0.395107  0.276388 0.0398168    0.1057
     387.2 18.2424 9.43152 161.825 0.0574292  0.183041  0.430195    0.24351 -0.0162289   0.141146
     387.3 17.8446 8.63139 158.091 0.0407205  0.173021  0.411027  0.157099 -0.111322   0.03962
     387.4 19.1657 12.8973 154.703 0.0386309  0.175734  0.438149  0.106901 -0.214622 0.0970265
   387.499 18.8151 13.9869 150.326 0.0281295  0.151844  0.416043  0.0960615  -0.347984 -0.0294702
   387.599 17.2568 17.9523  145.57 0.0405278  0.153949  0.418023   0.111196  -0.433681 -0.0822517
     387.7 16.5347 20.0439 140.864 0.0378264 0.0960953  0.414693  0.0599523  -0.680217 -0.0563548
     387.8  17.193 19.5784 136.931 0.126997  0.24785 0.436518   0.357549  -0.238657 -0.0798946
     387.9 16.3617  17.856 130.689 0.192294 0.310209 0.455649   0.395425  -0.107392 -0.0877398
       388 13.7963 13.8939 124.953 0.180719 0.282327  0.50875  0.253902 -0.267287 0.0711021
   388.099 10.4912 9.49042 120.449 0.141703 0.251806 0.555473 0.0494145 -0.391423  0.127427
     388.2 8.03522 4.50743 117.466 0.111924 0.223846 0.517364 -0.0708913  -0.421734 -0.0377462
     388.3    6.358 0.348048  113.807 0.0752007  0.216856  0.573961 -0.095867 -0.438522  0.107023
     388.4  5.26523 -3.08963  110.066 0.0661165  0.231786  0.545427 -0.0345954  -0.392921  0.0052544
     388.5  4.14829 -5.36891  104.795 0.0873938  0.227728  0.509098 0.0703344 -0.394402 -0.100862
   388.599  4.20927 -5.20713  101.564 0.081032  0.21425  0.51734 -0.0103731  -0.429182  0.0309816
     388.7  5.76065 -1.39278  102.058 0.0553126  0.205836  0.518274 -0.101282 -0.458294 0.0809938
     388.8 8.18482 3.98239 105.108 0.0400559  0.200872   0.53709  -0.10376 -0.459491  0.128544
     388.9 10.9903 9.54284 109.285 0.0588075   0.20355  0.569187 0.00093018  -0.470371   0.223319
       389 14.9652 15.6338 114.907 0.0874453  0.198492  0.606674 0.0860559 -0.484045  0.263716
   389.099 19.3648 18.7125 123.282 0.108455 0.190055 0.627822 0.0872517 -0.468663  0.237404
     389.2 23.1573 18.1605 133.221 0.0845116  0.172569  0.603826 -0.00309297   -0.361925  -0.0574476
     389.3 16.5062 11.0382 131.665 0.0929432  0.218409  0.434648   0.060662 -0.0201248  -0.769937
     389.4 10.6637 4.84295  126.74 0.141857 0.285346 0.349542  0.184383  0.146031 -0.709339
     389.5 9.22739 2.48857 125.677 0.138251 0.288457 0.417124     0.193344 -0.000427042    -0.222678
   389.599   5.36793 -0.410759   123.408 0.135215 0.281851 0.535654  0.172137 -0.116194  0.172858
     389.7  3.50828 -3.79785  122.829 0.115405 0.275172 0.592055  0.046253 -0.203018  0.394002
   389.799  5.66429 -1.95633   126.41 0.0851684  0.256004   0.56634 -0.0803848  -0.316563   0.227749
   389.899 9.60017 1.64452  133.37 0.0527428  0.228852  0.553228 -0.148133 -0.445797   0.14239
       390 12.6119 3.95875 140.454 0.0699562  0.241842  0.539519 -0.0276414  -0.388837  0.0480506
     390.1 15.7772 7.05958  148.16 0.0699621  0.240758  0.488989 -0.0145013   -0.38006  -0.132025
     390.2  18.796 10.3783 157.512 0.0429901   0.20783  0.390594  -0.12597 -0.519714 -0.413585
   390.299 23.6812 10.5416 169.981 0.0225497  0.164308  0.373365 -0.136019  -0.68239 -0.362767
     390.4  27.5732  8.43984 -177.123 0.0218624  0.120763  0.408248 -0.0841308  -0.786343  -0.178714
     390.5  30.0819  4.38041 -165.317 0.00604618  0.0610132   0.444369 -0.0214053  -0.849776 -0.0439305
   390.599  35.2127 -4.70321  -157.84 -0.0237416  0.0408785   0.335778  -0.10015 -0.638225 -0.365968
     390.7  35.3907 -8.26279 -148.593 -0.0422942  0.0339771   0.278285 -0.0592128  -0.495627  -0.453745
   390.799  35.1216 -10.5841 -137.989 -0.0499335  0.0310844   0.264984 -0.00352745   -0.328771   -0.364583
   390.899  34.3401 -12.3538 -130.746 -0.0368628  0.0253983   0.277759 0.0645824 -0.182267 -0.206351
       391  32.5741 -12.7907  -126.23 -0.0391281  0.0290752   0.301393  0.0948298 -0.0885362 -0.0844659
     391.1  30.2751 -12.5008 -120.406 -0.0356577  0.0184052   0.303905   0.135841 -0.0901652  -0.067829
     391.2  29.4363 -13.1703 -110.886 -0.0489656   0.013384   0.303158   0.152947 -0.0737699 -0.0696466
   391.299  29.2221 -15.4394 -99.1728 -0.0492043 -0.0008984   0.295461   0.173177 -0.0810279 -0.0688868
   391.399  27.2599 -19.6262 -86.1921 -0.176956 0.0407248   0.30797   -0.21798  0.0539744 -0.0298614
     391.5  24.1133 -21.6702 -75.0637 -0.189515 0.0479493  0.324058 -0.246101 0.0426279 0.0701291
     391.6  18.6231 -22.6818 -66.1869 -0.155401 0.0329766  0.299778   -0.106621   0.0413679 -0.00312646
     391.7  11.9465  -22.549 -57.4534  -0.14562 0.0109913  0.295461 -0.0877912 -0.0106642 -0.0325719
   391.799   7.1603 -20.8139 -50.2615  -0.163015 -0.0316301   0.278728 -0.0888044 -0.0533902 -0.0964233
     391.9  2.30364 -18.4191 -39.6839  -0.165635 -0.0440643   0.292957 -0.00896518   0.0661744  -0.0662225
       392  178.162 -165.881  150.851  -0.154105 -0.0557901   0.273658 0.0319792 0.0683043 -0.136129
   392.099  175.399 -171.157  159.902  -0.142768 -0.0491854   0.260187 0.0572183  0.135915  -0.14058
     392.2   173.34 -174.718  167.827 -0.127959  -0.04032  0.254319  0.0567265   0.209503 -0.0666214
     392.3  172.115 -176.631  175.917   -0.118951 -0.00512324    0.249149  0.0452375   0.291817 -0.0518516
     392.4    172.2 -177.501 -177.042 -0.107881 0.0223082  0.250112  0.0556899   0.254973 -0.0255811
     392.5  173.249 -178.045 -171.553 -0.106396  0.036033  0.255198  0.0129622   0.193483 -0.0332828
   392.599  175.056 -178.727 -166.718 -0.0938805  0.0502799   0.247308  0.0186871   0.154419 -0.0739327
     392.7  176.654  -179.39 -161.611 -0.0941787  0.0653274   0.234445 -0.0131927   0.158003 -0.0618414
   392.799   177.22  178.881 -156.765 -0.0953151  0.0740669   0.233755 -0.0114259   0.156335 -0.0603594
   392.899  179.384  177.904 -151.171 -0.103619 0.0878438   0.23725 -0.0334312    0.18494 -0.0180657
       393  179.957  176.263 -144.472 -0.103571  0.109298  0.235574 -0.0369214   0.166471  0.0297781
     393.1  174.331  172.241 -141.072 -0.110096  0.126594  0.249787 -0.00387706   0.0154638    0.200166
     393.2  162.977  167.123 -147.311 -0.0899949   0.111823   0.272908 0.0885919 -0.215045  0.212006
   393.299  152.635  168.716 -158.845 -0.0928739  0.0835636   0.280352  0.120815  -0.32035 0.0871377
   393.399 151.211 175.943  -170.7 -0.113193 0.0644907  0.288834  0.0367324   -0.31855 0.00529425
     393.5   155.33 -178.257  177.953 -0.114521 0.0107445  0.294058 -0.00585107   -0.396308    -0.11293
     393.6  167.348 -176.155  166.471  -0.103332 -0.0172233    0.26184 -0.00814599   -0.346316   -0.315912
     393.7  179.297 -177.588   157.36 -0.105382  -0.03592  0.219008 -0.00920935   -0.190484    -0.28723
   393.799  5.32516  1.73789 -24.6849 -0.0945171 -0.0398972   0.179409 0.0563669 0.0416855 -0.215849
   393.899  9.23322  4.69868 -19.5763 -0.0866269  -0.010534   0.193611   0.143641   0.195159 -0.0393312
       394  11.9641  5.27099 -13.6487  -0.0938585 -0.00642805    0.184018   0.147499   0.168123 -0.0139207
     394.1  10.6921  4.29628 -5.14819 -0.0858469  0.0290508   0.172135 0.131947  0.28616 0.010352
     394.2   5.946 3.77661 6.22226 -0.0890084  0.0696958   0.172394 0.0837129  0.319506 0.0441894
   394.299   176.33  178.308 -165.605 -0.0940255  0.0769568   0.199439 0.071993 0.143868 0.181727
     394.4  164.303  176.812 -163.405 -0.0995448  0.0770824    0.24563  0.0227147 0.00883549   0.299131
     394.5  153.019  174.908 -165.444 -0.0982606  0.0629465   0.267241 -0.0110781  -0.106647   0.242949
   394.599  143.283  177.755 -170.384 -0.106348 0.0474735  0.290052 -0.0287282  -0.226167   0.192444
     394.7  138.216 -175.881 -179.101 -0.111216 0.0295834   0.28974 -0.0563697  -0.245854  0.0196605
     394.8  141.382 -170.489  171.915   -0.136783 -0.00697245    0.301277  -0.109916  -0.331137 -0.0201731
     394.9  154.173 -169.115  158.418  -0.140875 -0.0328628    0.28546 -0.0861629  -0.337237  -0.194714
       395  169.658 -174.816  149.121  -0.150649 -0.0969852   0.257415 -0.0495252  -0.231844  -0.239759
   395.099 177.002 178.919 153.881  -0.125242 -0.0406869   0.236117   0.230435   0.228293 -0.0994848
     395.2 0.575874  3.47456 -14.1099 -0.0976204 0.00142591   0.256213  0.372481  0.369568 0.0646224
     395.3  2.32256  3.20096 -2.06457 -0.0883467  0.0112575   0.196266  0.346509  0.277665 -0.160732
     395.4 3.05369 4.01187 8.38459 -0.0711498  0.0621166   0.171251  0.301031  0.275101 -0.189784
     395.5 3.64679 6.23746 16.3859 -0.0591907  0.0705933   0.186402  0.255928  0.152398 -0.102408
   395.599 5.62432 7.88052 22.9133 -0.0532921  0.0863148   0.183938    0.15824   0.134088 -0.0646561
     395.7 7.62834 9.24248 30.5542 -0.0591853   0.105836   0.174696  0.0476436   0.140214 -0.0145484
     395.8  7.0213 10.5753 38.1329 -0.0654169   0.105698   0.192341 0.0337073 0.0766506  0.118838
     395.9 2.09263 14.2092  41.942 -0.0803528   0.114765   0.226782 -0.0163831  0.0644594   0.259777
       396  173.385  162.999 -139.039 -0.06077 0.107763 0.243984 0.0836028 0.0103892   0.15558
   396.099   173.18  165.347 -135.023 -0.0648442   0.116965   0.234259 -0.0226534   0.135231  0.0319028
     396.2  177.373  165.899 -127.212 -0.0876602   0.150126   0.221852 -0.0215391   0.164383 -0.0852571
     396.3  179.558  166.066 -120.964 -0.0811757   0.150141   0.245002 0.0296446 0.0659669 0.0929784
     396.4  176.475  162.251 -117.635 -0.087304  0.156522   0.28085  0.064051 0.0124616  0.271247
     396.5  169.664   156.46 -118.974 -0.0604182   0.138781   0.291359  0.176125 -0.150318  0.176758
   396.599  167.164  153.621 -122.335 -0.0521374    0.13368   0.271963   0.159719 -0.0849889  -0.078183
     396.7 173.139 158.629 -117.78 -0.0592223   0.133953   0.260448  0.0450486 -0.0193763  -0.160334
   396.799  179.281  165.317 -113.582 -0.0594366   0.143016   0.250251   0.110643 -0.0494782  -0.112131
   396.899  177.863   165.84 -115.057 -0.0554738   0.146028   0.241951  0.0640977 -0.0801007  0.0634024
       397  164.377  160.685 -123.197 -0.0598594   0.138593   0.288132 0.0843391 -0.146655  0.335548
     397.1  153.663  162.394 -136.479 -0.0554974   0.126523   0.314334 0.0463153 -0.205213  0.243958
     397.2  147.348  171.328 -147.886 -0.0573055   0.120844   0.309909 -0.021395 -0.169932 0.0556551
   397.299  146.597 -177.313 -158.183 -0.0907043   0.118843   0.294743   -0.13537 -0.0950506   -0.11186
   397.399    152.1 -167.936 -171.427 -0.135225  0.127823  0.272773  -0.249605 -0.0832197  -0.269419
     397.5  160.209 -162.413  172.031 -0.159263 0.0993206  0.260625  -0.31049 -0.163947 -0.224555
     397.6  166.101 -161.237  156.781 -0.185833 0.0920649  0.234293 -0.289161 -0.098566 -0.152899
     397.7  170.744 -160.879  143.843 -0.202586 0.0736812  0.234438  -0.219713 -0.0998055 -0.0636634
   397.799 173.188 -158.54 132.202 -0.21751 0.047349 0.247078  -0.193724 -0.0535396   0.086494
   397.899  171.121 -153.352  124.227 -0.231285 0.0478375  0.260637 -0.123681  0.046277  0.123138
       398  172.487 -149.989   115.87 -0.227121 0.0686312   0.27341 -0.0181634   0.106741   0.104502
     398.1   177.21 -146.756  105.568 -0.208742 0.0914731  0.279769 0.0821822  0.159989 0.0861071
     398.2  2.52305 -36.1298 -84.5798 -0.203465  0.102473  0.279257  0.160891   0.16366 0.0568405
   398.299   8.3239 -37.9743 -92.1214 -0.178088  0.100518  0.268877   0.285524  0.0895363 -0.0346134
   398.399  14.6895 -38.2398 -97.4718 -0.160626 0.0889687  0.241444   0.284261 -0.0417432  -0.115452
     398.5  18.6692 -37.4466 -99.5368  -0.1412 0.077403 0.238047   0.304768  -0.079401 -0.0525832
     398.6   22.289 -39.7013 -99.2655 -0.118686 0.0576412  0.241986   0.345262 -0.0925066  0.0308177
     398.7  24.9382  -45.039 -95.9269 -0.11529 0.060942 0.259169   0.289085 -0.0196471  0.0645133
   398.799  25.3548 -49.9825 -91.9563 -0.116679 0.0491823  0.267199   0.174653 -0.0239509  0.0272664
   398.899  23.4985 -53.7115 -87.5491 -0.124496 0.0545156  0.285264 0.0811504 0.0298581 0.0785709
       399  21.1027 -56.5369 -82.5465 -0.151037 0.0369863  0.292142   0.015413 -0.0613446  0.0813312
     399.1  18.4314 -59.7163 -75.7715 -0.142209 0.0302795  0.300789    0.110983 -0.00429546   0.0852953
     399.2  13.2621  -63.493 -65.8715 -0.133229  0.035777  0.312287  0.161564 0.0674743 0.0626487
   399.299  9.93917 -68.4221 -57.2751  -0.12041 0.0482732  0.327647 0.153503 0.171533 0.112886
   399.399  176.496 -106.301  139.267 -0.120173 0.0405121  0.336358 0.0749165  0.142542  0.123597
     399.5  156.571 -103.158  157.425 -0.129191 0.0336263  0.337458 -0.0633448   0.086502   0.108204
     399.6  145.721 -100.972  163.764 -0.147181 0.0704992  0.343758 -0.180062  0.206772 0.0842547
     399.7  146.767 -99.2819  156.871 -0.179317  0.103065    0.3445 -0.280351  0.201651 0.0679542
   399.799  179.629 -100.289  116.961 -0.203251  0.117889  0.332342  -0.28819  0.117366 0.0104539
   399.899  20.8378 -71.3186 -93.0714 -0.237452 0.0954122  0.327316 -0.311313 -0.105164 -0.042774
       400  23.8814 -58.2396 -106.348 -0.228174  0.103101  0.302704  -0.132719 -0.0689971  -0.110001
     400.1  22.4941 -48.5532 -112.635  -0.25349 0.0732763   0.28909 -0.0778072   -0.12138  -0.112574
     400.2  21.5165 -40.4726 -118.324  -0.17888 0.0449916  0.280482  0.250638 -0.135122 -0.119027
     400.3  19.3175 -33.1206 -122.413 -0.108202 0.0130974  0.270714  0.414591 -0.152518 -0.166018
   400.399    14.49 -25.6851  -125.12   -0.088205 -0.00208027    0.255996  0.412468 -0.121747 -0.209787
     400.5  8.57477 -18.0212  -128.69   -0.100349 -0.00445668    0.242629   0.314252 -0.0515133  -0.202999
   400.599  4.31206 -11.0672 -133.791 -0.122872 0.0151801  0.246079  0.210708  0.088133 -0.116749
     400.7  1.53764 -7.17888 -140.026 -0.117317 0.0289543  0.292722 0.241588    0.134 0.129925
   400.799 178.514 -175.23 33.6306 -0.114615 0.0339454  0.289917 0.220716 0.123045 0.079899
   400.899  175.106 -177.664  29.8608 -0.118094 0.0385841   0.25941    0.18381  0.0702566 -0.0189677
       401  175.562 -178.908  33.6997 -0.120689 0.0383268  0.269022   0.162226 -0.0524399   0.132798
     401.1  179.838 -179.354  39.7934  -0.12349 0.0292356   0.27267   0.21424 -0.102641  0.152496
     401.2   5.43253 -0.547428  -132.923 -0.110685  0.010341  0.290528  0.296371 -0.175645  0.172184
     401.3  11.0152 -2.23166 -122.817   -0.100204 -0.00976351    0.307092  0.374593 -0.199304   0.13765
   401.399  15.5927 -4.98794 -111.116 -0.0842507 -0.0260755   0.302501  0.429721 -0.151222 0.0130128
     401.5  19.0775 -7.66631 -99.9713 -0.0785636 -0.0383683   0.288504   0.386147 -0.0937761  -0.094284
   401.599  21.9181 -10.2562 -89.9313 -0.0898236 -0.0393375   0.279445   0.291464 -0.0155977  -0.139074
     401.7  22.9244  -13.685 -79.1367  -0.227277 0.00757567   0.259558 -0.196574  0.120639  -0.20629
   401.799  23.8598 -16.7774 -69.1665 -0.227213 0.0237478  0.275471 -0.079379  0.234581   -0.1079
   401.899  24.2687 -20.0011 -58.3602  -0.14825 0.0349574  0.266748   0.18847  0.368346 -0.134248
       402   24.357 -22.2089 -46.0975 -0.109138 0.0463082  0.245068  0.218498  0.377845 -0.223831
     402.1  22.6387  -22.561 -33.6743 -0.0985005  0.0334442   0.191297  0.165748  0.181607 -0.425005
     402.2  21.1038 -21.6149 -25.3471 -0.0685365  0.0160919    0.14932  0.160386  0.053043 -0.480984
   402.299  19.6337 -19.4239 -20.9215 -0.0313292  0.0333223   0.101398  0.144823 0.0702867 -0.509465
   402.399  17.2629 -17.0946 -18.6426 -0.00499582   0.0619375   0.0607604 0.0845018  0.145255 -0.426891
     402.5  13.7662 -15.5757 -16.4899 0.0020362 0.0275375 0.0273729 5.77409e-05  -0.0385651   -0.319411
     402.6  10.9412 -13.4765 -15.3232 -0.000337485    0.0212069   -0.0010499 -0.0511572 -0.0487154  -0.261636
     402.7  8.90422 -12.5246 -15.3083 0.000793884   0.0206012  -0.0430183  -0.115511 -0.0167333 -0.0352749
   402.799  7.13093  -11.689 -14.3938 -0.000415774     0.016693   -0.0326738 -0.00652074   0.0137485 -0.00626378
   402.899  4.87437 -14.2677 -12.3581 0.00865662  0.0490951 -0.0083788 -0.031184  0.090579 0.0699261
       403  3.81762  -3.6638 -12.5953 -0.000267449   0.00114762   -0.0169311 -0.00504065   -0.128319   -0.037914
     403.1  0.109203 0.0386667  -12.7818 0.000194314 -0.00153048  -0.0136081  0.0563697 -0.0366545 0.00999713
     403.2 179.324 179.778 167.409 0.00884632   0.011778 -0.0509132  0.0313839 0.00407748  -0.146133
   403.299  0.171676 -0.475917   -12.531 0.00551592 -0.0111502   -0.01925  0.0237131 -0.0620254  0.0152422
   403.399  0.103687 -0.445992  -12.6249   0.0133891 3.24624e-05  -0.0193043    0.047167 -0.00820585   0.0103657
     403.5  0.129283 -0.449027  -12.5061 0.00861072 -0.0145029  -0.012483    0.04204 -0.0451625  0.0249078
     403.6 0.0763046 -0.482501  -12.6054  0.0180743 0.00494869 -0.0282651  0.0674062  0.0246888 -0.0387922
     403.7 0.0686471 -0.477541  -12.6091  0.0215332 0.00686965 -0.0293124  0.0726011  0.0247842 -0.0305617
   403.799  0.137716 -0.538968  -12.5817   0.0103308 -0.00624385  -0.0200468  0.0533263  -0.022842 0.00681806
   403.899 0.0431502 -0.367461  -12.5967  0.0202456  0.0115007 -0.0267785 0.0757242 0.0364996 -0.020222
       404 0.0764424 -0.455747  -12.5832  0.0188474 0.00739879  -0.029464  0.0712981   0.014613 -0.0236772
     404.1 0.0577269 -0.301151  -12.5376   0.015196 0.00820504 -0.0289611  0.0665593 0.00985711 -0.0139067
     404.2 0.0757057 -0.514562  -12.5669   0.0181465 -0.00142268  -0.0240445  0.0674977 -0.0185833 0.00787774
   404.299 0.0976253 -0.463201  -12.5606   0.0149913 -0.00275607  -0.0207613  0.0654935 -0.0186367  0.0131052
   404.399  180.009 -179.629  167.444  0.0202584 0.00326813 -0.0361571  0.0762236  0.0050981 -0.0471375
     404.5  0.146358 -0.558452  -12.6139  0.0163427  0.0059955 -0.0201911 0.0736456 0.0116011 0.0212386
     404.6 0.148102 -0.53835 -12.6104  0.0125692 0.00244693 -0.0122264    0.067515 -0.00013708   0.0389724
     404.7  0.118121 -0.405537  -12.5244  0.0100135 -0.0049932 -0.0177618  0.0631493 -0.0219429 0.00389698
   404.799 0.0601002 -0.454067  -12.5702  0.0182954 0.00376522 -0.0319317  0.0785927  0.0114866 -0.0474283
     404.9 0.0604043 -0.479002  -12.5785    0.02113 0.00358751 -0.0300907  0.0808387 0.00785635 -0.0266699
       405  0.128357 -0.524985  -12.5566   0.0147732 -0.00401526  -0.0180543  0.0691663 -0.0169411  0.0205876
   405.099  0.101737 -0.479946   -12.612  0.0174539 0.00694389 -0.0159357 0.0785347 0.0187321 0.0175232
     405.2  0.104244 -0.466413  -12.5022   0.0149406 -0.00721416  -0.0242706  0.0682525 -0.0267295 -0.0199121
     405.3 0.0879356 -0.398837  -12.5487  0.0153945 0.00251884 -0.0262279  0.0751232 0.00713543 -0.0218588
     405.4 0.0599838  -0.46181  -12.6049 0.0220472 0.0104799 -0.030391   0.086092  0.0285216 -0.0278086
     405.5  0.161902 -0.489798  -12.6238  0.0109291 0.00897916 -0.0173932 0.0681029 0.0127575 0.0246541
   405.599  0.016692 -0.346932  -12.5707  0.0160906   0.010246 -0.0290959  0.0726921  0.0136174 -0.0249466
     405.7 0.0941515 -0.461666  -12.5808  0.0168279 0.00538109 -0.0242102   0.0717632 -0.00366673  0.00138376
     405.8 0.0173246 -0.447255   -12.605  0.0226492 0.00516237 -0.0304647   0.0791834 -0.00117542  -0.0213679
     405.9 0.0658969 -0.479336  -12.5602   0.0151369 -0.00415793  -0.0250923  0.0648955 -0.0286118 0.00216018
       406 0.0453974 -0.414327  -12.5627  0.0193812 0.00171395 -0.0288172  0.0733586 -0.0030014 -0.0115369
   406.099  180.007 -179.629  167.516    0.022633 -0.00620135  -0.0350276  0.0745436 -0.0238279 -0.0310941
     406.2 0.0342208 -0.472812  -12.4989   0.0224529 -0.00907281  -0.0272702  0.0724945 -0.0257275  0.0059601
     406.3 0.0900316 -0.444111  -12.4553  0.0173295 -0.0127905 -0.0188168  0.0645737 -0.0315114  0.0316307
     406.4 0.0988959 -0.461909  -12.4893    0.014115 -0.00895323  -0.0208626  0.0632547 -0.0130804  0.0119075
     406.5 0.0402373 -0.407298  -12.5069    0.0188453 -0.000340711   -0.0317766  0.0731721  0.0160819 -0.0313304
   406.599 0.0626838 -0.546326  -12.5507  0.0227591 0.00299099 -0.0240264  0.0768264  0.0228002 0.00325133
     406.7 0.0464632 -0.325808  -12.5148  0.0178617 0.00662405 -0.0218698   0.070149  0.0231009 0.00595988
     406.8 0.00739805  -0.498382   -12.5586  0.0234957 0.00652188 -0.0335199  0.0751684  0.0190534 -0.0374076
     406.9   180.01 -179.588  167.458  0.0243117 0.00619439 -0.0362918  0.0732777  0.0134012 -0.0393514
       407  179.976 -179.613  167.386  0.0248635   0.019673 -0.0415143  0.0753382  0.0480094 -0.0432945
   407.099 0.0697407 -0.498866  -12.5466   0.0144536 -0.00259047   -0.023054  0.0506896 -0.0300553   0.032099
     407.2  180.005 -179.581  167.372  0.0236168  0.0164106 -0.0302061   0.0709572   0.0345397 -0.00294945
     407.3 0.0309531 -0.423294  -12.5845  0.0190385 0.00559617 -0.0212567   0.0583875 -0.00821975   0.0264419
     407.4 0.00987572  -0.410842   -12.5566  0.0225253 0.00210807 -0.0288278   0.0616652  -0.0151542 -0.00952459
   407.499 0.0304614 -0.445845  -12.5218   0.0207949 -0.00584501   -0.030353  0.0568634 -0.0344131 -0.0124679
   407.599 0.0807629 -0.489148  -12.5677   0.0156478 -0.00137527  -0.0263014   0.053313 -0.0136598 0.00493835
     407.7 0.0488987 -0.411137  -12.4766   0.0159217 -0.00844009  -0.0268685    0.0525567   -0.0300534 -0.000491952
     407.8 0.0608814 -0.438867  -12.5788  0.0190197   0.009045 -0.0236016 0.0652596 0.0286952 0.0101768
     407.9 0.0652806 -0.395777   -12.594  0.0157932  0.0121559 -0.0252578   0.0608609   0.0270501 -0.00109714
   407.999 0.0268513 -0.529072  -12.5768  0.0197687 0.00355973 -0.0342029   0.0620073 -0.00275934  -0.0321989
   408.099  0.129326 -0.542158  -12.5278   0.0122021 -0.00933774  -0.0202858  0.0487299 -0.0385407  0.0249442
     408.2 0.0138811 -0.404275  -12.5973  0.0201787 0.00876701 -0.0265349    0.068163   0.0251172 -0.00858861
     408.3 0.0324028 -0.456562  -12.4988   0.0182928 -0.00587522  -0.0297251  0.0594128 -0.0223038  -0.017652
     408.4 0.00506868  -0.434293   -12.5894  0.0214287 0.00993744 -0.0349669  0.0695899  0.0288695 -0.0315455
   408.499 0.0486189 -0.480752  -12.6434   0.019098  0.0165701 -0.0275112  0.0668117  0.0405955 0.00412984
   408.599 0.0483191 -0.443025  -12.5217   0.0195474 -0.00271328   -0.026277  0.0589806 -0.0249681 0.00368814
     408.7 0.0281418 -0.369642  -12.5045   0.0185509 -0.00165709  -0.0246274  0.0580177  -0.015672 0.00521032
     408.8 0.0409853 -0.477134  -12.6483 0.0232046 0.0145098 -0.028403  0.0698099  0.0363532 -0.0119681
     408.9 0.0303752 -0.401646  -12.5917  0.0189114  0.0106783 -0.0315024  0.0594567  0.0123381 -0.0204224
   408.999 0.0216132 -0.444283  -12.5276    0.020001 -0.00012301  -0.0349584  0.0557128 -0.0210195 -0.0254027
   409.099 0.0308917  -0.38661  -12.6331  0.0204488  0.0165227 -0.0297385  0.0624449    0.03019 0.00191842
     409.2 0.0486358 -0.476869  -12.6641  0.0180886  0.0173803 -0.0266949 0.0578575  0.023822 0.0100572
     409.3 0.0323536 -0.516683  -12.6684  0.0243264  0.0133186 -0.0254864  0.0647658  0.0106706 0.00892289
     409.4  180.005 -179.564  167.394  0.0227629  0.0119209 -0.0380051  0.0600807 0.00470857 -0.0366059
   409.499 0.0154505 -0.488441  -12.5751   0.0179713 -0.00322953  -0.0332623   0.0483038  -0.0391431 -0.00730273
   409.599 0.0336859 -0.405408   -12.596  0.0189596  0.0106161 -0.0279768 0.0572047 0.0112924 0.0124783
     409.7 0.0839635 -0.439262  -12.5798  0.0150813 0.00840966 -0.0210587  0.0516093 0.00104961  0.0304069
     409.8 0.0787115 -0.404746  -12.4597  0.0143301 -0.0120402  -0.020197  0.0444764 -0.0573874  0.0214728
     409.9 0.0640649 -0.410171   -12.597  0.0168184 0.00820336 -0.0272259    0.058956   0.0160608 -0.00993352
   409.999 0.0449689 -0.406965  -12.4975   0.0181269 -0.00640437  -0.0281284  0.0548725 -0.0297452 -0.0132456
   410.099 0.0148076 -0.361001  -12.4639   0.0181509 -0.00652867  -0.0340353  0.0555527 -0.0237175 -0.0303783
     410.2 0.00235289  -0.399674   -12.5726  0.0228177  0.0121354 -0.0331912  0.068242 0.0348868 -0.018216
